280
9 34 84 85 98 118 134 151 163 177
6 63 150 210 243 258 275
0
0
2 87 243
3 43 164 243
1 261
1 60
0
1 113
5 48 75 77 82 218
8 60 61 84 163 176 177 217 258
0
1 201
3 158 242 243
0
8 48 52 77 149 203 206 243 261
1 43
2 183 208
0
0
0
1 201
1 275
4 29 56 226 246
1 149
1 238
0
0
3 24 221 246
1 60
4 34 68 151 221
0
3 107 146 164
22 0 31 39 60 68 84 85 98 118 122 134 151 158 159 160 163 177 195 221 243 253 260
0
1 201
2 60 233
2 167 183
4 34 122 159 160
1 201
2 202 266
1 164
10 5 17 133 149 153 160 164 217 243 275
1 61
3 103 191 217
0
0
11 10 16 52 75 77 82 140 203 206 218 261
5 151 154 182 201 202
0
0
6 16 48 77 203 206 261
2 59 243
0
0
2 24 226
1 279
1 211
2 53 243
23 7 11 30 34 37 61 113 135 144 150 153 158 160 168 173 185 201 210 217 243 248 258 275
9 11 44 60 65 72 119 129 168 275
0
7 1 113 153 188 243 262 276
0
4 61 129 168 275
0
0
4 31 34 151 221
0
0
2 73 98
1 61
2 71 98
1 202
5 10 48 77 82 218
0
12 10 16 48 52 75 82 102 203 206 218 234 261
1 273
1 161
1 153
0
5 10 48 75 77 218
0
10 0 11 34 85 98 118 134 163 176 177
8 0 34 84 98 118 134 163 177
1 202
2 4 243
1 201
0
0
0
0
1 164
3 94 201 243
0
0
1 273
12 0 34 71 73 84 85 118 134 151 163 164 177
0
1 243
2 136 243
1 77
3 45 191 266
1 243
0
1 243
5 33 146 164 201 243
0
1 201
0
1 259
0
11 9 60 63 149 153 188 202 227 258 266 276
2 131 263
0
3 164 201 243
1 149
8 0 34 84 85 98 134 163 177
1 61
1 201
0
7 34 39 149 158 159 160 243
1 201
3 149 184 252
2 149 230
1 263
1 258
0
2 61 65
2 149 164
4 114 201 243 263
0
4 43 160 210 258
8 0 34 84 85 98 118 163 177
1 60
2 101 243
1 243
1 262
1 268
1 48
0
0
0
2 60 173
0
5 33 107 149 164 170
0
0
23 16 25 43 113 117 122 124 125 130 146 151 161 164 184 200 207 210 230 241 243 257 258 275
5 1 60 158 210 258
19 0 31 34 49 68 98 149 154 156 170 179 182 187 195 202 206 221 266 275
0
11 43 60 63 80 113 160 197 201 202 258 266
4 49 151 182 202
1 214
1 151
0
8 14 34 60 122 150 210 217 275
5 34 39 122 160 162
12 34 39 43 60 122 133 153 159 164 210 243 258
2 79 149
1 159
10 0 11 34 84 85 98 118 134 176 177
18 5 33 42 43 93 98 107 116 130 146 149 160 201 216 222 229 243 244
1 201
1 250
2 38 183
4 60 61 65 275
0
4 146 151 221 266
1 197
0
2 60 144
0
0
4 11 84 163 177
10 0 11 34 84 85 98 118 134 163 176
1 239
1 151
0
0
4 49 151 154 202
3 18 38 167
3 124 149 252
2 60 275
0
1 151
3 63 113 276
0
0
2 45 103
1 201
0
1 201
6 34 151 201 207 243 260
0
2 153 171
0
0
1 149
29 13 22 36 40 49 60 88 94 107 109 116 120 123 131 153 164 165 192 194 195 206 225 229 243 258 263 274 276 278
13 41 49 74 86 113 151 153 154 182 246 258 264 266
6 16 48 52 77 206 261
0
0
9 16 48 52 77 151 201 203 254 261
3 149 195 258
1 18
0
10 1 60 133 149 150 158 160 224 258 275
1 58
0
0
1 155
0
1 164
8 11 43 45 60 158 243 258 275
5 10 48 75 77 82
0
0
7 29 31 34 68 151 170 266
1 164
0
1 210
1 201
2 24 56
1 113
0
3 164 201 243
2 125 149
0
1 267
1 37
1 77
0
0
0
1 26
1 178
0
1 149
1 14
36 1 4 5 14 16 34 43 53 59 60 63 87 94 100 101 104 106 107 116 122 131 136 137 149 160 164 195 201 217 229 254 258 263 266 272 275
1 164
1 275
3 24 29 202
0
1 60
0
1 166
0
2 124 184
1 34
2 206 243
0
0
1 149
18 1 11 60 113 127 133 149 150 153 160 201 202 207 210 217 243 266 275
1 111
2 34 195
7 6 16 48 52 77 203 206
2 63 138
5 114 126 131 201 243
1 202
0
10 41 103 113 151 153 170 202 221 243 258
1 232
1 139
0
0
0
1 243
2 78 97
1 201
16 1 23 43 60 61 65 149 151 158 168 185 210 217 243 245 258
4 63 113 188 201
0
1 201
1 57
