280
1 27
0
6 6 97 137 211 272 276
1 75
23 17 30 31 39 40 88 115 120 130 136 137 142 164 186 199 203 213 218 225 247 248 265 276
2 17 276
10 2 31 57 70 74 97 130 211 272 276
2 263 276
1 241
1 14
6 23 37 55 189 252 276
5 16 32 197 229 258
2 163 198
0
9 9 44 61 163 215 218 225 254 276
1 254
8 11 27 52 76 130 142 175 225
22 4 5 19 31 40 81 83 88 109 137 146 163 185 209 218 224 239 240 247 250 274 276
4 27 228 241 255
1 17
1 49
1 31
1 218
6 10 37 55 189 252 276
2 130 208
0
2 92 131
7 0 16 18 130 142 175 189
0
1 52
2 4 79
23 4 6 17 21 40 66 85 88 112 115 120 144 148 157 163 172 185 191 218 247 251 255 276
2 11 169
0
0
0
2 137 205
6 10 23 55 189 252 276
0
1 4
9 4 17 31 94 109 137 178 218 255
1 85
0
0
6 14 61 215 218 225 254
1 256
1 130
0
2 135 238
2 20 189
0
4 93 222 235 254
2 16 29
0
0
6 10 23 37 189 252 276
0
2 6 276
2 103 275
1 276
1 137
6 14 44 215 218 225 254
1 276
2 178 271
0
0
1 31
0
0
0
2 6 137
1 85
9 78 84 85 96 100 102 114 185 226
3 85 174 186
1 6
1 3
2 16 130
0
9 72 85 96 100 102 114 142 185 226
1 30
1 255
1 17
0
1 17
5 72 100 114 130 255
24 31 41 71 72 73 78 96 100 102 114 115 135 173 176 185 204 226 234 241 243 260 262 267 276
0
2 138 185
11 4 17 31 145 157 163 239 247 249 255 276
1 263
0
1 254
1 26
5 51 137 222 235 254
2 40 196
0
9 72 78 85 100 102 114 142 185 226
5 2 6 211 272 276
0
1 229
9 72 78 84 85 96 102 114 185 226
0
8 72 78 85 96 100 114 185 226
2 58 275
1 174
0
0
1 207
0
3 17 40 137
0
0
3 31 115 276
0
9 72 78 84 85 96 100 102 185 226
7 4 31 85 112 204 241 276
0
1 160
2 180 223
0
3 4 31 247
1 247
1 276
1 218
0
0
0
0
2 201 229
2 207 241
18 4 6 16 24 27 46 76 84 135 142 175 186 208 223 249 255 262 276
1 26
0
1 160
1 276
7 48 85 130 142 238 255 276
1 4
21 2 4 17 36 40 60 70 93 109 173 178 192 205 222 225 247 255 256 261 264 276
2 87 185
2 204 276
1 276
2 142 236
11 4 16 27 78 96 130 135 141 175 204 276
0
1 31
1 88
1 17
2 240 276
1 31
0
0
1 237
0
0
0
1 247
0
2 31 88
1 269
1 196
2 117 133
1 276
0
7 12 14 17 31 88 198 276
1 4
0
0
1 254
0
1 32
1 276
0
1 31
7 85 137 176 243 256 262 267
2 73 104
5 16 27 130 142 241
5 85 173 243 262 267
0
6 40 63 137 255 271 276
1 220
1 118
1 276
0
1 219
1 247
12 17 31 72 78 85 87 96 100 102 114 138 226
3 4 73 130
0
0
8 10 23 27 37 49 55 252 276
0
2 31 247
1 137
0
0
0
2 94 159
2 11 258
2 12 163
1 4
1 247
2 128 229
0
1 4
5 85 115 139 142 276
2 36 137
0
2 107 129
2 24 130
1 17
0
5 2 6 97 272 276
1 276
1 4
1 276
6 14 44 61 218 225 254
0
0
13 4 14 17 22 31 40 44 61 123 215 225 251 254
1 183
1 179
1 277
5 51 93 137 235 254
4 118 130 255 276
1 17
9 4 14 16 44 61 137 215 218 254
8 72 78 85 96 100 102 114 185
1 276
1 18
4 11 99 128 201
0
0
1 247
1 236
1 85
4 51 93 222 254
3 141 233 255
1 151
2 48 135
2 17 88
5 17 147 247 255 269
8 8 18 85 115 129 175 255 276
0
5 85 173 176 262 267
0
0
0
14 4 17 31 88 120 121 137 155 184 191 200 232 240 276
1 4
2 88 130
1 17
2 31 218
6 10 23 37 55 189 276
0
13 14 15 44 51 61 91 93 167 215 218 222 225 235
14 18 31 40 80 84 88 130 135 137 178 223 236 240 241
3 45 137 173
0
2 11 197
0
1 85
1 137
7 85 130 173 176 243 267 276
4 7 89 263 276
1 137
1 4
0
5 85 173 176 243 262
0
2 158 240
0
2 63 178
5 2 6 97 211 276
0
1 17
2 58 103
47 2 4 5 6 7 10 14 17 23 31 37 55 57 59 62 85 88 97 112 115 122 130 134 135 137 139 140 142 147 161 163 170 178 181 189 204 211 212 214 223 227 241 247 252 262 263 272
1 221
0
0
