280
43 1 2 3 5 7 11 12 14 17 19 20 23 24 25 27 28 30 31 33 35 37 40 41 43 47 51 60 84 94 95 103 118 124 137 152 155 158 159 161 168 185 259 267
31 0 2 3 5 7 9 11 12 14 15 17 19 20 23 24 25 29 30 35 36 37 40 42 47 52 59 60 64 79 98 253
70 0 1 3 4 5 6 7 8 9 10 11 13 15 16 19 20 21 22 23 25 27 29 30 35 36 37 40 41 42 43 46 48 49 51 52 53 54 55 56 64 73 75 85 86 89 104 116 122 126 134 136 139 141 143 154 156 160 162 182 189 193 197 198 203 217 222 230 265 272 275
31 0 1 2 4 5 6 7 8 10 11 12 14 15 16 17 22 23 25 30 31 33 41 45 52 67 79 85 101 102 107 269
22 2 3 5 6 7 8 10 11 12 13 15 16 17 19 26 33 40 59 86 163 166 175
49 0 1 2 3 4 6 7 8 9 10 11 13 15 16 17 18 19 20 21 29 34 35 39 40 42 43 44 46 56 64 68 71 73 81 86 90 91 99 126 136 143 154 156 161 162 197 200 244 266
44 2 3 4 5 7 8 9 10 11 13 15 16 18 19 20 21 22 23 30 34 35 39 43 46 52 54 56 72 73 74 79 90 92 101 111 126 136 143 144 156 161 162 171 182
24 0 1 2 3 4 5 6 9 10 11 13 18 19 27 30 40 42 59 64 73 75 85 86 104
44 2 3 4 5 6 9 10 11 12 13 15 16 17 18 19 20 27 29 34 35 38 39 43 44 45 46 68 72 73 74 86 90 97 99 131 147 161 163 181 201 202 224 259 273
36 1 2 5 6 7 8 10 11 13 15 16 17 18 19 20 21 22 34 36 39 42 43 44 54 64 80 87 90 96 109 119 145 149 161 184 242
34 2 3 4 5 6 7 8 9 11 13 15 16 18 20 21 32 34 38 39 42 44 72 86 88 90 91 130 141 166 188 194 229 244 256
59 0 1 2 3 4 5 6 7 8 9 10 12 13 15 16 17 19 20 21 25 27 32 33 36 38 46 49 51 56 58 61 73 82 84 89 90 91 93 98 99 101 130 132 138 140 153 163 166 173 199 205 224 234 235 237 239 244 260 261
28 0 1 3 4 8 11 14 15 17 22 23 24 25 28 30 31 33 41 51 70 95 98 102 118 124 137 148 155
23 2 4 5 6 7 8 9 10 11 15 16 17 18 19 20 34 39 44 49 86 134 200 271
14 0 1 3 12 19 26 28 31 32 33 51 124 148 152
35 1 2 3 4 5 6 8 9 10 11 12 13 16 18 19 21 22 23 30 34 35 39 44 45 73 74 76 79 97 101 123 180 245 251 256
31 2 3 4 5 6 8 9 10 11 13 15 18 20 21 22 28 32 39 45 62 68 90 97 130 132 157 176 202 211 214 277
30 0 1 3 4 5 8 9 11 12 13 18 19 21 25 31 32 33 37 41 43 44 47 50 51 55 137 145 149 155 157
38 5 6 7 8 9 10 13 15 16 17 19 20 21 22 34 36 38 39 42 43 44 50 53 55 80 87 88 101 119 129 142 145 161 188 221 231 264 269
40 0 1 2 4 5 6 7 8 9 11 13 14 15 17 18 20 21 22 23 24 29 35 36 40 52 53 60 66 71 78 79 80 87 119 145 156 171 193 207 249
43 0 1 2 5 6 8 9 10 11 13 16 18 19 32 33 34 38 40 46 48 49 51 58 61 62 63 82 90 91 93 111 127 130 136 172 179 190 192 241 244 248 250 276
39 2 5 6 9 10 11 15 16 17 18 19 22 36 38 39 42 43 44 50 55 68 80 81 87 88 92 96 100 101 119 122 129 145 150 171 184 188 195 226
32 2 3 6 9 12 15 16 18 19 21 23 27 29 34 36 48 52 54 61 62 72 80 83 87 119 122 145 149 186 210 272 274
20 0 1 2 3 6 12 15 19 22 24 25 30 54 60 66 75 98 113 223 246
11 0 1 12 19 23 30 38 60 77 98 101
14 0 1 2 3 11 12 17 23 27 54 57 58 64 82
4 4 14 95 120
28 0 2 7 8 11 22 25 41 52 54 61 72 73 75 80 83 85 104 110 117 121 133 138 186 210 223 246 258
12 0 12 14 16 37 47 70 105 118 214 247 255
19 1 2 5 8 19 22 35 36 40 42 48 50 53 71 81 122 193 215 272
17 0 1 2 3 6 7 12 15 23 24 41 59 60 87 98 142 148
10 0 3 12 14 17 33 41 98 240 251
12 10 11 14 16 17 20 33 51 63 90 130 262
13 0 3 4 11 12 14 17 20 31 32 159 161 240
21 5 6 8 9 10 13 15 18 20 22 43 44 62 69 78 101 106 108 134 161 164
19 0 1 2 5 6 8 15 19 29 36 40 43 56 126 136 143 156 162 170
21 1 2 9 11 18 19 21 22 29 35 40 52 53 80 87 112 119 145 149 150 193
12 0 1 2 17 28 70 94 135 147 155 158 279
14 8 10 11 18 20 21 24 39 42 44 46 88 91 188
19 5 6 8 9 10 13 15 16 18 21 38 42 44 87 88 119 142 145 188
17 0 1 2 4 5 7 19 20 29 35 36 43 56 86 128 137 220
11 0 2 3 12 17 27 30 31 60 73 173
17 1 2 5 7 9 10 18 21 29 38 39 44 64 88 188 196 213
24 0 2 5 6 8 9 17 18 21 34 35 40 44 50 55 68 81 86 139 145 161 177 178 254
20 5 8 9 10 13 15 17 18 21 34 38 39 42 43 50 55 88 114 145 188
7 3 8 15 16 76 97 183
10 2 5 6 8 11 20 38 62 73 91
8 0 1 17 28 110 117 120 121
6 2 20 22 29 122 272
8 2 11 13 20 49 51 140 153
10 17 18 21 29 43 44 53 55 112 145
12 0 2 11 12 14 17 20 32 49 58 94 153
14 1 2 3 6 19 22 27 36 80 83 96 145 186 210
9 2 18 19 29 36 50 71 114 193
14 2 6 9 22 23 25 27 72 110 117 121 223 246 258
9 2 17 18 21 43 44 50 112 145
12 2 5 6 11 35 40 98 126 136 143 156 162
4 25 58 64 82
7 11 20 25 51 57 64 82
4 1 4 7 30
8 0 1 19 23 24 30 41 98
7 11 20 22 27 79 93 133
13 16 20 22 34 46 69 78 97 101 106 108 132 134
3 20 32 125
10 1 2 5 7 9 25 42 57 58 82
0
4 19 23 149 268
2 3 77
8 5 8 16 21 43 81 184 202
13 34 62 78 96 100 101 106 108 109 129 134 216 263
5 12 28 37 118 255
4 5 19 29 53
14 6 8 10 22 27 54 107 110 117 121 213 223 246 258
13 2 5 6 7 8 11 15 27 41 46 75 85 104
4 6 8 15 123
9 2 7 23 27 73 85 89 104 116
3 15 45 219
4 24 67 191 278
8 19 34 62 69 101 106 108 134
6 1 3 6 15 19 61
16 9 18 19 21 22 27 36 52 83 87 96 119 145 184 186 210
6 5 21 29 43 68 184
7 11 20 25 57 58 64 252
6 22 27 52 80 186 210
3 0 11 94
9 2 3 7 27 73 75 104 107 230
12 2 4 5 7 8 10 13 40 43 134 160 200
13 9 18 19 21 22 30 36 39 80 88 119 142 145
12 10 18 21 38 39 42 44 87 119 142 145 188
3 2 11 75
15 5 6 8 9 10 11 16 20 32 91 135 140 173 232 244
8 5 10 11 20 38 46 90 244
2 6 21
5 11 20 61 165 169
6 0 37 51 84 158 279
4 0 12 26 155
10 9 21 52 69 80 100 108 109 129 216
5 8 15 16 45 62
9 1 11 12 23 24 30 31 56 60
4 5 8 11 224
7 21 69 96 108 109 129 216
14 3 6 11 15 18 21 24 34 62 69 78 106 108 134
2 3 12
2 0 152
6 2 7 27 73 75 85
1 28
7 34 62 69 78 101 108 134
4 3 72 85 213
13 34 62 69 78 96 100 101 106 109 129 134 216 236
7 9 69 96 100 108 129 216
10 27 47 54 72 117 120 121 223 246 258
2 6 20
3 36 50 55
2 23 137
3 44 53 151
0
2 2 75
10 27 47 54 72 110 120 121 223 246 258
4 0 12 28 70
12 9 18 19 21 22 36 39 80 87 88 142 145
5 26 47 110 117 121
10 27 47 54 72 110 117 120 223 246 258
6 2 21 22 29 48 272
2 15 74
3 0 12 14
1 63
9 2 5 6 35 56 136 143 156 162
1 20
1 40
8 18 21 69 96 100 108 109 216
5 10 11 16 20 32
1 8
3 11 16 62
3 27 61 138
11 2 13 34 62 69 78 86 101 106 108 167
5 37 90 158 218 232
10 2 5 6 20 35 56 126 143 156 162
5 0 12 17 40 113
3 11 27 133
3 2 43 151
4 11 49 90 173
2 2 10
7 18 30 39 87 88 119 145
10 2 5 6 35 56 126 136 156 162 206
1 6
18 9 17 18 19 21 22 36 39 43 44 50 52 55 80 87 88 119 142
1 212
2 8 37
3 12 14 30
6 9 17 22 36 66 268
2 21 36
2 114 139
3 0 14 103
3 11 49 51
3 2 5 225
5 0 12 17 37 95
10 2 5 6 19 35 56 126 136 143 162
3 16 17 270
6 0 37 94 135 185 279
2 0 33
2 2 86
9 0 5 6 8 9 18 33 34 43
9 2 5 6 35 56 126 136 143 156
3 4 8 11
1 34
1 93
3 4 10 11
1 134
1 0
1 93
1 35
3 6 19 21
1 20
4 11 41 90 140
0
1 4
1 16
1 43
1 43
1 20
1 15
1 8
2 2 6
1 45
5 9 21 68 80 81
2 0 158
6 22 27 52 80 83 210
0
8 10 18 21 38 39 42 44 88
1 2
1 20
2 77 278
1 20
5 2 19 29 36 53
1 10
1 21
1 42
2 2 5
1 2
2 11 205
3 5 13 86
1 8
3 8 16 68
1 2
0
2 11 199
1 143
1 19
0
0
6 22 27 52 80 83 186
1 16
1 146
3 42 72 107
2 16 28
1 29
6 69 96 100 108 109 129
1 2
1 135
1 76
1 40
1 18
1 2
9 23 27 54 72 110 117 121 246 258
3 8 11 99
1 154
1 21
0
0
1 10
2 2 85
1 18
2 90 135
0
1 11
2 11 260
1 108
1 11
0
1 11
2 31 33
1 20
1 9
0
6 5 10 11 20 90 91
1 15
9 23 27 54 72 110 117 121 223 258
1 28
1 20
1 19
1 20
2 15 31
1 82
1 1
1 43
2 28 70
2 10 15
0
8 27 54 72 110 117 121 223 246
2 0 8
2 11 235
1 11
1 32
1 69
1 18
1 2
1 5
1 0
2 66 149
2 3 18
1 157
1 13
5 2 22 29 48 122
1 8
1 22
1 2
1 20
1 16
2 77 191
3 37 94 158
