435
12 95 100 152 162 166 172 195 211 231 248 334 415
12 173 181 205 235 244 284 321 322 332 392 403 415
12 42 47 120 126 167 175 218 222 232 318 325 414
12 95 101 179 180 215 239 283 292 323 334 340 350
12 50 161 178 183 216 224 230 319 321 343 350 394
11 5 41 188 214 228 275 300 339 370 390 416
12 48 138 164 166 171 207 230 257 308 315 341 380
12 7 103 150 164 172 229 234 283 320 338 341 417
12 8 74 135 144 179 189 209 218 328 400 402 418
12 33 41 62 166 197 237 266 284 338 390 400 407
12 166 175 181 212 238 248 308 321 327 330 340 359
12 69 119 128 159 160 182 209 233 249 323 371 395
12 161 167 176 177 197 209 275 315 318 343 397 405
11 13 162 163 208 215 240 273 292 330 336 416
11 14 86 125 169 188 213 236 299 348 373 383
12 35 36 128 152 170 174 267 315 323 329 335 392
12 89 167 177 206 272 319 327 335 339 399 400 407
12 69 94 168 172 175 210 227 290 299 333 337 419
12 143 159 160 174 194 204 317 332 337 342 404 418
12 19 33 42 77 113 160 173 242 322 324 335 414
12 20 60 68 143 178 219 230 238 254 331 334 362
12 68 168 171 223 225 257 315 320 337 360 362 393
11 22 86 119 170 204 226 255 316 336 342 347
12 103 114 165 180 210 216 249 320 329 391 392 406
12 50 77 94 149 165 167 169 221 229 236 326 331
12 75 120 135 173 175 220 243 267 289 323 325 328
12 88 111 161 189 210 218 235 266 317 381 398 419
12 111 176 217 229 238 241 305 306 326 333 337 383
12 60 63 137 144 163 300 316 324 373 396 401 417
12 89 92 154 173 200 250 256 263 356 370 390 394
11 30 112 125 137 177 252 257 334 344 354 420
12 87 95 100 106 145 164 257 261 294 347 351 397
12 32 105 109 171 182 190 225 235 255 352 356 395
12 9 19 33 93 98 155 184 194 277 301 346 394
12 34 89 99 139 145 162 167 246 285 310 380 396
12 15 85 94 107 136 161 246 254 289 346 393 426
12 15 57 87 139 149 150 160 199 262 350 396 427
11 37 70 101 104 136 163 197 289 320 349 409
12 96 97 142 162 177 188 248 261 344 350 395 398
12 57 106 111 130 143 184 190 192 205 215 254 345
12 86 108 140 168 170 199 202 249 259 316 393 398
12 5 9 88 102 141 185 245 254 301 347 352 425
12 2 19 84 100 147 159 190 247 251 345 348 385
11 43 91 103 110 154 175 189 252 263 320 391
12 91 96 105 151 179 196 249 253 268 390 394 402
12 74 86 90 99 144 165 186 250 285 330 392 428
12 87 98 135 157 168 194 201 211 251 256 339 397
11 2 47 79 101 121 153 159 174 205 258 354
12 6 60 74 90 100 138 139 260 330 351 359 364
12 64 94 104 146 172 191 250 253 259 347 355 392
12 4 24 90 96 108 115 168 184 231 268 370 391
12 90 102 105 121 149 181 203 215 254 262 305 348
12 52 59 85 86 97 172 183 247 260 316 353 359
12 61 84 92 135 149 180 255 259 272 325 352 355
12 88 96 109 115 158 169 193 194 220 235 245 347
12 93 103 125 148 178 187 225 240 258 349 353 380
12 64 70 85 107 145 156 176 198 250 272 305 375
12 36 39 123 131 220 261 335 368 372 393 402 419
12 98 106 230 254 289 290 295 352 405 407 424 433
12 52 203 221 233 240 244 263 298 347 381 399 403
12 20 28 48 196 233 253 272 282 314 375 395 425
12 53 158 174 227 234 246 259 298 305 335 377 381
12 9 105 155 229 236 290 291 296 374 389 396 398
12 28 63 147 158 186 216 257 397 402 404 412 425
12 49 56 64 199 236 273 287 293 321 391 413 416
12 172 232 251 255 285 310 326 329 376 406 411 419
12 66 125 126 184 203 216 217 241 252 325 376 379
12 164 181 194 243 248 277 336 371 379 401 428 430
12 20 21 204 247 255 278 281 291 294 345 395 428
12 11 17 101 114 195 252 307 353 368 375 380 406
12 37 56 130 149 238 264 318 340 379 399 400 413
12 109 226 245 294 343 371 382 390 402 404 409 410
12 72 102 161 249 288 295 298 306 339 356 398 400
12 150 162 183 195 224 287 334 361 378 413 427 429
12 8 45 48 74 115 178 224 290 399 408 420 433
11 25 75 151 225 240 258 289 343 357 359 431
12 76 239 254 262 263 283 348 364 365 373 389 390
12 19 24 109 127 225 231 260 281 297 348 371 372
12 100 134 213 237 246 255 306 391 394 406 431 434
12 47 79 101 138 170 241 260 286 314 329 360 410
12 80 117 150 177 227 259 270 320 405 406 409 434
12 90 134 192 207 215 236 244 274 360 386 398 428
12 126 228 235 237 256 292 311 369 385 403 424 431
11 83 139 141 242 273 303 349 370 401 421 426
11 42 53 84 211 293 294 342 363 373 396 417
12 35 52 56 113 114 191 238 340 351 371 385 433
12 14 22 40 45 52 125 130 192 221 276 302 387
12 31 36 46 132 146 170 205 292 296 309 333 339
12 26 41 54 88 110 129 240 284 287 358 392 422
12 16 29 34 110 130 152 216 220 341 378 417 423
12 45 48 50 51 81 117 128 182 277 315 361 408
12 43 44 119 131 176 208 259 323 343 362 366 377
12 29 53 115 123 129 130 197 201 209 210 213 357
12 33 55 133 134 169 198 206 327 332 338 375 415
12 17 24 35 49 116 121 207 249 275 312 364 421
12 0 3 31 95 121 199 213 303 360 362 377 384
12 38 44 50 54 113 119 120 153 336 373 379 415
12 38 52 97 126 127 217 279 337 339 369 401 426
12 33 46 58 98 117 210 286 310 337 341 350 424
12 34 45 132 133 154 179 189 212 223 338 357 407
12 0 31 42 48 78 111 132 218 219 366 374 409
12 3 37 47 69 79 122 147 204 331 363 416 422
12 41 51 72 122 128 212 251 258 330 383 394 432
12 7 23 43 55 103 115 123 127 242 269 332 352
12 37 49 104 113 122 134 215 300 370 404 418 428
12 32 44 51 62 105 111 114 308 317 331 376 429
12 31 39 58 116 144 160 324 367 375 400 426 427
12 35 56 107 112 124 128 219 224 230 270 359 364
12 40 50 118 120 124 214 233 239 365 411 414 425
12 32 54 71 77 118 129 156 222 267 345 374 420
12 43 88 89 198 242 285 288 339 398 400 430 431
12 26 27 39 100 105 197 264 309 311 332 353 380
12 30 107 153 175 241 250 282 284 289 296 333 388
12 19 85 96 104 227 292 296 297 315 384 396 429
12 23 69 85 105 156 200 207 297 348 392 418 432
12 50 54 74 92 103 190 264 291 328 335 408 421
12 94 106 164 246 301 327 331 353 359 414 417 434
11 80 90 98 117 194 201 218 223 316 340 374
12 108 109 176 178 186 268 287 320 337 342 423 426
12 11 22 91 96 210 262 279 285 295 305 410 420
12 2 25 96 108 120 186 288 308 345 366 370 401
12 47 51 94 95 121 141 278 292 337 377 412 419
12 101 102 104 267 272 290 296 341 349 383 425 427
12 57 92 103 167 282 293 298 330 334 354 386 418
12 107 108 141 172 189 202 219 284 355 362 376 411
12 14 30 55 66 86 125 222 291 351 403 414 422
12 2 66 82 97 152 231 249 286 338 393 395 429
12 77 97 103 246 258 289 326 338 344 355 387 397
12 11 15 90 102 107 128 235 276 285 330 378 430
12 88 92 109 129 260 298 313 336 347 390 392 432
12 39 70 86 89 92 144 312 324 365 367 395 416
12 57 91 131 157 168 283 284 297 394 404 415 423
12 87 99 100 132 207 221 243 275 286 343 356 393
12 93 99 133 227 238 295 300 346 391 416 421 422
12 78 81 93 104 149 155 280 287 293 341 350 354
12 8 25 46 53 187 195 215 240 268 314 375 389
12 35 37 136 173 227 242 244 298 301 333 385 386
12 28 30 137 193 234 235 239 290 295 325 354 433
11 6 48 79 138 203 214 220 355 405 419 429
12 34 36 48 83 196 218 227 271 326 349 402 424
12 40 168 197 209 229 241 253 356 364 368 404 431
12 41 83 121 124 183 192 203 213 216 221 225 425
12 38 159 181 190 223 240 244 329 335 369 421 427
12 18 20 39 199 206 220 226 231 260 314 353 413
12 8 28 45 106 130 193 195 211 232 306 346 379
12 31 34 56 145 210 229 233 281 383 406 410 415
12 49 87 217 230 236 277 281 348 381 387 425 428
12 42 63 101 177 186 207 231 304 343 356 389 416
12 55 148 181 182 199 200 222 237 243 330 360 379
12 24 36 51 53 70 134 160 201 204 382 401 406
12 7 36 73 80 150 189 232 241 259 344 398 424
12 44 75 184 212 234 238 250 329 353 380 420 434
12 0 15 89 126 185 205 237 244 346 352 376 434
12 47 96 112 204 224 243 263 311 389 390 406 409
12 29 43 99 154 161 188 204 228 365 368 403 431
12 33 62 134 155 202 226 236 294 316 388 402 428
12 56 109 114 183 194 211 214 224 241 273 358 428
12 46 131 200 208 231 234 236 239 310 386 413 419
11 54 61 63 158 219 228 278 345 348 384 426
12 11 18 42 47 142 159 228 260 265 288 369 426
12 11 18 19 36 106 149 186 279 304 312 318 420
12 4 12 26 35 72 154 187 202 280 383 394 403
12 0 13 34 38 73 200 274 294 307 309 371 392
12 13 28 37 163 201 301 308 311 320 357 358 425
12 6 7 31 67 116 182 193 259 303 326 370 376
11 23 24 45 165 185 189 278 319 378 397 428
12 0 6 9 10 213 272 278 295 304 307 310 352
12 2 12 16 24 34 123 187 271 306 347 369 376
12 17 21 40 46 50 131 140 203 265 325 334 373
12 14 24 54 93 193 270 271 273 310 391 402 410
12 15 22 40 79 87 170 281 282 289 304 333 340
12 6 21 32 171 191 192 208 267 303 396 427 430
12 0 7 17 49 52 65 124 172 198 306 312 421
12 1 19 25 29 136 241 252 269 300 305 364 384
12 15 18 47 61 245 247 299 359 365 374 388 415
12 2 10 17 25 43 112 234 254 265 313 345 409
12 12 27 56 91 118 194 220 247 372 381 395 398
12 12 16 30 38 80 147 177 200 235 299 302 386
12 4 20 55 74 118 178 199 266 277 287 313 385
12 3 8 44 99 185 199 206 208 305 379 380 431
12 3 23 53 183 226 303 305 308 311 382 385 386
12 1 10 51 67 142 148 190 270 310 377 393 429
12 11 32 90 148 164 230 242 288 289 312 319 422
12 4 52 73 141 156 180 183 210 255 292 313 387
12 33 39 50 66 151 184 239 267 296 307 319 381
12 41 152 165 179 231 247 249 283 286 358 389 429
11 45 63 118 120 147 160 186 214 248 261 386
12 55 135 161 167 187 245 283 294 332 384 388 433
12 5 14 38 154 214 237 246 253 264 282 311 354
12 8 26 43 99 124 150 165 189 252 286 287 304
12 32 39 42 115 142 181 226 287 327 337 382 383
12 49 85 171 240 256 264 271 284 306 341 385 404
12 39 81 86 141 171 234 249 284 285 300 314 383
11 54 137 144 164 169 193 233 262 291 300 432
12 18 33 46 54 67 117 156 176 207 236 258 336
12 0 69 73 135 144 225 235 253 293 295 302 366
12 44 60 139 229 247 251 288 297 334 346 384 417
12 9 12 37 92 111 140 227 243 330 346 369 411
12 56 93 110 172 222 225 254 290 297 304 343 382
12 36 40 64 95 143 148 178 179 232 282 295 358
12 29 114 148 157 162 177 279 288 290 294 299 342
12 46 92 117 149 163 201 204 208 234 263 331 389
12 40 124 155 161 228 238 253 291 293 304 340 387
12 51 59 66 138 141 168 261 271 303 312 338 387
12 18 22 68 101 149 153 154 201 204 296 297 432
12 1 39 47 87 152 226 283 293 321 382 411 422
12 16 93 143 179 225 296 298 317 320 354 383 421
11 6 81 94 114 132 147 194 207 258 326 369
12 13 91 157 171 179 201 233 284 293 328 394 424
12 8 11 12 92 140 209 246 272 351 385 411 429
12 17 23 26 92 98 119 145 183 282 359 381 387
12 0 46 84 144 156 238 279 291 298 323 324 370
12 10 99 102 151 242 266 288 294 334 401 404 426
12 14 78 92 95 141 166 228 288 292 347 387 433
12 5 108 138 156 186 188 214 286 341 377 391 423
12 3 13 39 51 81 104 135 215 237 293 387 404
12 4 23 63 66 89 141 248 333 363 366 395 396
12 27 66 97 146 235 253 261 285 324 327 380 414
12 2 8 26 100 117 139 231 271 287 316 408 432
12 20 100 107 124 158 219 244 261 282 289 322 397
12 25 54 57 89 138 143 176 286 295 305 319 366
12 24 59 86 132 141 243 276 283 294 327 388 390
11 2 109 125 148 198 222 227 232 264 329 380
12 21 99 117 142 227 241 242 299 384 386 393 417
12 4 73 74 107 153 156 239 264 285 309 327 377
12 21 32 55 75 77 141 195 198 206 327 412 415
12 22 71 143 155 180 190 205 306 325 362 432 433
12 17 61 80 113 133 136 139 197 222 223 321 375
12 5 82 154 158 159 202 213 273 323 342 422 427
12 7 24 27 62 140 145 196 261 277 290 308 430
12 4 6 20 58 107 146 182 313 352 371 373 388
12 0 50 77 126 143 147 157 185 218 339 411 434
12 2 65 144 150 199 222 275 388 399 405 409 426
12 11 59 60 108 145 193 208 294 335 337 417 434
12 7 61 137 151 157 175 192 201 342 367 405 426
12 1 26 32 54 82 128 137 177 195 217 401 423
12 14 24 62 64 81 146 155 157 194 236 367 414
12 9 78 82 148 152 188 215 262 354 360 364 418
12 10 20 27 70 85 133 151 202 211 238 259 377
12 3 76 108 137 157 184 224 312 390 397 400 428
12 13 55 59 75 88 135 142 191 240 366 416 430
12 27 66 79 112 140 150 156 173 223 328 415 427
12 19 83 103 110 136 182 212 223 242 280 385 406
11 25 67 132 148 153 197 221 243 310 381 407
12 1 59 81 136 142 152 219 279 355 378 404 420
12 41 54 71 174 187 245 295 323 329 351 360 407
12 34 35 61 78 116 127 188 209 246 372 373 403
12 42 52 68 174 176 185 196 270 298 324 405 418
12 0 10 38 67 186 216 248 275 285 408 409 410
12 11 23 40 44 72 94 126 185 192 350 382 399
12 29 45 49 56 112 151 275 276 283 322 337 400
12 42 46 65 102 196 273 279 290 325 399 407 420
12 30 43 66 69 173 189 265 291 292 323 384 413
12 44 49 60 140 188 195 202 217 297 336 374 417
12 20 35 39 41 51 58 76 175 198 274 401 411
12 22 32 53 65 68 78 183 255 286 336 361 393
11 29 46 82 191 256 272 292 316 324 362 401
12 6 21 30 31 63 257 268 274 291 318 348 423
12 47 55 75 102 127 194 207 258 281 299 399 419
12 40 49 53 61 80 91 150 164 238 317 322 363
12 48 52 77 79 129 143 159 264 280 290 322 412
12 31 38 57 186 203 217 219 229 269 383 391 406
12 36 51 76 119 193 237 278 288 306 308 410 414
12 29 43 59 76 153 201 266 276 282 372 404 414
12 70 111 115 188 191 222 224 260 299 318 365 373
12 159 168 175 252 265 317 325 328 341 367 424 431
11 9 26 178 212 263 266 282 302 349 353 415
12 15 25 109 122 171 184 303 312 316 317 357 400
12 44 50 118 135 257 268 315 318 326 362 413 433
11 103 173 261 269 307 315 322 352 387 403 428
12 80 107 169 181 247 283 292 300 316 331 346 419
12 139 167 169 191 203 218 313 322 327 345 366 430
12 16 53 56 60 122 166 209 256 309 348 417 422
12 13 64 83 156 169 228 251 326 337 347 363 365
12 81 162 254 257 302 316 317 319 356 363 367 416
12 5 12 94 132 232 248 250 275 344 355 379 410
12 86 128 221 250 263 305 314 328 329 360 361 396
12 33 67 90 146 178 229 299 323 344 365 368 429
12 68 121 158 165 166 262 278 286 321 364 418 426
12 97 119 160 200 211 244 251 279 314 319 368 392
12 134 161 242 260 299 302 304 324 350 361 386 416
12 68 77 145 146 170 258 281 311 312 324 354 366
12 60 112 123 170 188 199 210 219 263 266 378 430
12 3 7 76 131 185 187 205 221 250 270 283 375
12 1 9 88 112 124 131 191 192 208 318 345 371
12 34 45 65 110 119 128 192 217 224 248 332 416
12 79 98 126 132 185 189 214 220 255 278 322 372
11 64 73 88 118 134 178 189 190 218 287 315
12 72 110 120 159 182 196 200 212 213 262 328 377
12 25 35 37 58 75 112 127 170 182 219 324 377
12 17 58 62 74 122 137 198 200 229 251 260 332
12 62 68 115 125 193 202 211 252 257 317 357 421
12 3 13 82 87 113 121 183 213 252 256 270 353
12 64 84 123 134 195 202 205 208 215 320 379 410
12 31 68 71 84 155 162 187 200 212 221 233 318
12 58 72 119 133 137 166 195 199 220 245 295 378
12 62 87 112 113 122 184 204 206 329 369 370 431
12 77 113 114 131 196 198 204 253 303 311 319 376
12 59 61 72 123 129 136 206 211 247 327 374 429
12 14 17 174 177 200 223 258 264 277 280 299 356
12 5 28 104 133 173 192 193 270 300 318 355 364
12 33 41 116 136 163 329 342 343 373 375 408 418
12 86 177 195 266 274 280 333 339 377 406 412 420
12 83 95 164 171 180 203 267 297 303 315 352 414
12 147 160 166 170 189 198 202 280 331 409 432 434
12 27 51 56 61 119 173 179 180 220 276 338 372
12 27 72 78 144 167 172 191 226 262 324 368 425
12 69 162 166 184 269 328 351 367 370 385 419 423
12 6 10 105 120 163 180 229 262 345 355 374 413
12 87 111 162 224 272 309 321 334 379 412 427 434
12 34 65 98 157 166 169 181 243 310 326 340 363
12 82 111 153 163 180 188 281 297 325 339 378 402
12 94 130 160 172 182 203 239 267 281 357 388 434
11 129 175 178 183 230 271 313 322 376 389 420
12 60 79 135 143 192 276 279 314 330 374 423 432
12 6 12 15 21 90 113 268 269 287 303 386 402
12 22 28 40 52 117 155 218 256 267 270 274 316
12 18 26 105 206 259 265 267 274 291 348 403 409
12 2 12 70 160 257 264 268 284 294 300 382 431
12 4 16 165 182 184 220 274 279 297 340 355 372
12 7 21 23 37 43 80 118 163 206 293 399 426
12 1 4 10 64 205 227 278 309 339 344 365 391
12 1 19 219 250 259 260 269 271 286 313 322 350
12 3 11 15 25 91 211 228 245 252 277 349 412
12 19 28 106 130 211 217 247 256 280 281 289 306
12 2 25 53 66 137 168 226 251 265 311 325 361
12 24 27 65 127 139 164 207 268 273 310 326 427
12 10 16 93 116 190 217 221 224 225 271 298 394
12 8 25 115 208 241 265 276 288 307 346 407 425
12 15 23 65 79 142 151 222 245 276 296 301 376
12 10 13 45 48 102 123 128 148 197 314 330 357
12 20 24 101 105 116 201 270 304 331 349 372 381
11 1 18 93 103 111 187 285 290 332 344 389
12 17 27 87 112 136 170 216 302 333 354 361 378
12 0 3 20 30 73 123 168 196 212 309 374 404
12 15 16 19 57 61 115 142 233 335 358 365 374
12 13 22 67 96 129 194 253 255 344 357 358 378
12 17 18 21 27 97 98 118 121 190 233 250 273
12 7 9 93 99 126 127 203 305 356 367 370 371
12 5 16 46 72 87 97 110 231 302 311 321 376
12 3 10 70 85 117 170 202 310 319 360 375 405
12 6 7 89 98 122 134 191 214 265 346 379 390
12 18 22 84 118 200 228 234 301 363 369 372 403
12 4 12 71 75 91 132 147 198 301 351 369 377
12 30 38 127 150 275 277 321 332 336 389 409 417
12 39 42 68 109 120 158 175 271 284 308 345 407
12 33 35 133 144 152 196 197 270 328 341 368 372
12 22 31 41 49 54 59 129 167 213 273 407 424
12 14 42 51 76 77 114 146 158 257 272 317 376
12 37 55 83 122 139 266 323 331 349 369 392 414
11 3 4 36 38 98 134 249 280 322 350 372
12 31 48 85 125 209 245 307 343 378 398 407 419
12 32 41 53 58 103 152 166 230 269 303 361 431
12 52 55 69 111 116 143 151 266 292 371 418 428
12 30 47 123 134 137 188 206 237 281 333 362 419
12 49 53 124 127 138 244 275 300 308 319 374 416
12 29 32 72 132 140 147 274 299 338 356 414 417
12 75 92 99 163 267 291 312 330 336 385 406 415
12 88 156 163 185 199 335 336 358 375 405 411 412
12 10 48 52 75 107 116 174 210 384 402 408 411
11 21 79 81 95 148 237 245 276 340 360 394
11 73 90 255 276 280 325 333 352 361 396 400
12 20 21 91 95 124 226 256 268 354 375 399 427
12 84 101 216 259 273 274 310 342 380 391 413 433
11 48 76 94 107 140 173 237 278 300 364 386
12 76 108 130 154 174 264 273 277 321 335 385 432
12 91 100 120 195 216 220 240 271 281 366 382 413
12 106 130 234 236 265 274 307 338 381 382 415 429
12 57 69 140 154 277 279 306 346 371 408 411 422
12 82 97 142 159 167 197 207 296 342 343 349 369
12 5 29 50 83 104 120 164 211 296 307 338 381
12 11 67 71 77 85 162 230 284 338 353 368 380
12 57 77 176 246 263 286 305 319 331 342 346 350
12 14 28 76 84 96 168 230 246 264 301 373 388
12 62 100 109 117 174 253 298 308 314 334 335 355
12 56 60 69 93 106 135 227 283 301 340 358 362
12 65 66 105 124 152 164 167 297 313 329 339 348
12 61 91 95 121 181 214 224 238 288 289 302 343
12 73 89 128 165 244 282 295 311 333 336 351 383
12 66 67 70 96 144 148 179 275 293 309 341 379
12 6 34 55 69 111 151 179 217 222 363 371 423
12 26 59 61 146 176 184 210 243 331 367 370 410
12 71 149 180 190 198 205 249 318 366 367 382 418
12 14 27 102 122 145 161 190 192 206 261 378 412
12 95 113 158 173 187 196 223 252 359 397 412 433
12 42 82 85 136 178 180 191 209 242 307 357 365
12 81 123 136 157 177 180 186 223 280 315 364 399
12 86 127 146 183 202 203 210 213 215 269 387 434
11 112 155 174 187 221 230 232 312 373 388 408
12 62 76 135 147 153 185 201 313 332 344 422 432
12 5 9 29 44 71 76 129 153 221 239 341 390
12 23 43 50 64 78 133 169 214 261 321 363 391
12 1 15 23 45 49 88 114 129 162 279 349 405
11 21 35 40 57 126 132 181 223 255 393 413
12 4 29 33 44 78 102 131 161 208 327 360 421
12 11 32 38 60 68 126 130 176 216 412 420 432
12 28 34 36 62 84 113 171 216 276 361 396 424
12 12 31 46 63 127 165 219 239 384 400 410 429
12 26 38 40 62 72 81 110 150 176 351 408 422
12 16 59 70 74 232 249 251 258 320 362 386 423
12 8 9 16 70 72 106 110 239 250 267 361 397
12 28 67 83 97 120 149 212 235 254 256 401 430
12 8 44 57 63 71 139 155 169 311 315 359 421
12 1 59 82 125 154 161 246 269 317 342 403 420
12 18 63 71 104 131 140 191 212 215 244 263 334
12 12 58 80 138 232 234 247 340 358 392 408 421
12 23 65 69 78 80 145 149 153 242 261 302 357
12 9 16 58 99 243 245 251 328 345 347 351 407
12 74 90 115 218 248 301 359 368 388 398 405 408
12 37 71 80 100 153 175 232 248 304 317 344 430
12 71 79 119 145 169 248 262 275 293 381 397 427
12 65 108 124 197 205 209 231 254 358 359 368 424
12 63 121 225 260 302 309 323 358 383 384 395 412
12 64 70 73 143 157 252 268 308 363 366 393 422
12 2 19 108 116 125 217 236 262 263 303 349 356
12 0 1 93 96 131 145 174 225 241 266 357 367
12 5 13 64 101 130 133 147 240 274 280 285 355
12 7 28 84 89 116 196 223 233 253 272 344 356
12 8 18 104 114 123 237 247 278 301 353 382 418
12 17 26 57 65 121 138 157 258 270 307 351 354
12 30 74 109 119 151 160 244 251 302 313 395 403
12 83 94 115 133 142 172 206 291 394 402 405 434
12 88 101 125 133 182 205 228 272 368 389 398 413
12 89 118 131 214 235 257 307 314 380 399 423 431
11 58 82 98 139 150 208 265 347 396 411 424
11 41 60 63 108 122 141 146 163 306 328 425
12 35 83 97 106 118 158 159 212 232 234 278 320
12 36 73 106 122 142 171 228 241 309 326 362 410
12 45 67 68 81 104 146 155 156 165 239 269 353
12 73 105 113 126 138 181 185 209 277 298 367 397
11 67 110 128 171 229 240 271 282 401 409 430
12 75 78 82 110 140 154 179 265 296 318 352 423
12 102 114 129 193 204 218 226 304 314 365 389 395
11 58 74 85 137 187 213 226 268 363 384 433
12 78 80 116 151 152 231 233 304 309 312 387 421
