561
16 34 84 85 98 118 134 151 163 177 334 446 451 484 496 548 554
10 63 150 210 243 258 275 390 444 446 448
1 497
2 410 456
5 87 243 284 294 527
3 43 164 243
1 261
2 60 405
1 456
5 113 309 316 320 421
8 48 75 77 82 218 348 415 516
8 60 61 84 163 176 177 217 258
4 415 523 525 548
1 201
9 158 242 243 355 397 464 486 507 557
1 428
15 48 52 77 149 203 206 243 261 335 415 444 495 497 509 548
1 43
7 183 208 350 383 450 509 530
1 491
1 360
1 360
1 201
2 275 509
11 29 56 226 246 284 291 360 415 432 491 527
2 149 417
2 238 527
2 451 548
1 375
5 24 221 246 415 554
2 60 520
9 34 68 151 221 299 367 368 407 559
2 311 391
8 107 146 164 296 366 377 415 495
38 0 31 39 60 68 84 85 98 118 122 134 151 158 159 160 163 177 195 221 243 253 260 290 299 322 326 334 339 340 367 368 407 449 451 484 496 527 559
1 451
1 201
4 60 233 472 510
2 167 183
7 34 122 159 160 339 340 451
1 201
5 202 266 404 451 525
1 164
23 5 17 133 149 153 160 164 217 243 275 284 328 344 399 423 451 491 509 511 525 527 548 560
1 61
12 103 191 217 329 360 366 409 415 451 495 513 552
1 415
2 296 361
18 10 16 52 75 77 82 140 203 206 218 261 310 335 341 348 497 516 533
9 151 154 182 201 202 347 424 451 501
2 284 451
1 451
8 16 48 77 203 206 261 335 497
2 59 243
3 284 344 399
1 527
6 24 226 291 432 491 527
2 279 451
1 211
2 53 243
54 7 11 30 34 37 61 113 135 144 150 153 158 160 168 173 185 201 210 217 243 248 258 275 280 284 285 309 315 318 320 360 364 390 400 401 405 423 427 440 444 446 451 461 472 481 482 496 503 509 520 524 525 537 540
13 11 44 60 65 72 119 129 168 275 285 317 491 537
1 386
16 1 113 153 188 243 262 276 284 313 352 380 386 451 490 544 548
1 525
5 61 129 168 275 285
2 320 400
2 464 486
9 31 34 151 221 299 367 368 407 559
2 491 518
1 422
3 73 98 296
2 61 491
5 71 98 298 339 509
1 202
7 10 48 77 82 218 348 516
2 319 451
17 10 16 48 52 75 82 102 203 206 218 234 261 335 348 413 497 516
2 273 517
1 161
1 153
1 495
8 10 48 75 77 218 348 516 554
1 451
12 0 11 34 85 98 118 134 163 176 177 334 484
11 0 34 84 98 118 134 163 177 334 446 484
4 202 284 404 525
3 4 243 527
2 201 548
1 475
1 415
1 556
0
1 164
9 94 201 243 355 364 399 451 474 488
2 339 451
1 495
2 273 397
16 0 34 71 73 84 85 118 134 151 163 164 177 334 484 527 548
1 320
2 243 470
7 136 243 362 425 478 541 553
1 77
5 45 191 266 329 552
1 243
1 517
2 243 467
14 33 146 164 201 243 296 366 377 379 414 415 444 495 527
2 390 423
1 201
2 280 446
4 259 366 404 471
1 554
24 9 60 63 149 153 188 202 227 258 266 276 284 297 313 352 360 380 386 451 490 525 527 544 548
4 131 263 479 496
0
6 164 201 243 284 397 414
2 149 494
11 0 34 84 85 98 134 163 177 334 446 484
1 61
1 201
1 525
13 34 39 149 158 159 160 243 284 339 379 451 527 548
1 201
5 149 184 252 527 548
4 149 230 312 390
1 263
2 258 529
1 360
2 61 65
3 149 164 307
8 114 201 243 263 364 385 479 496
1 373
4 43 160 210 258
10 0 34 84 85 98 118 163 177 334 484
2 60 527
7 101 243 362 425 478 541 553
1 243
2 262 331
2 268 396
1 48
1 495
1 451
1 284
2 60 173
2 463 550
20 33 107 149 164 170 284 296 356 366 377 384 399 409 415 491 495 527 535 548 554
2 495 509
1 505
50 16 25 43 113 117 122 124 125 130 146 151 161 164 184 200 207 210 230 241 243 257 258 275 282 284 300 307 325 330 349 366 375 399 415 417 418 446 451 459 491 494 495 497 509 525 527 532 545 548 554
8 1 60 158 210 258 444 446 525
42 0 31 34 49 68 98 149 154 156 170 179 182 187 195 202 206 221 266 275 299 308 347 356 367 368 407 409 415 424 436 446 451 463 491 495 497 501 509 525 548 554 559
1 399
20 43 60 63 80 113 160 197 201 202 258 266 280 284 286 289 309 344 360 451 525
8 49 151 182 202 347 424 451 501
2 214 527
1 151
1 451
14 14 34 60 122 150 210 217 275 390 411 430 451 486 509
9 34 39 122 160 162 339 395 446 451
25 34 39 43 60 122 133 153 159 164 210 243 258 284 296 339 344 399 451 479 495 500 509 525 548 554
7 79 149 365 375 376 388 506
2 159 451
12 0 11 34 84 85 98 118 134 176 177 334 484
52 5 33 42 43 93 98 107 116 130 146 149 160 201 216 222 229 243 244 284 296 301 303 307 328 344 345 349 351 359 366 371 377 382 394 396 397 399 402 414 415 435 439 451 466 491 495 497 509 527 548 551 554
1 201
2 250 491
2 38 183
4 60 61 65 275
4 285 392 461 520
12 146 151 221 266 356 377 384 409 415 495 525 554
1 197
1 554
2 60 144
1 451
3 316 320 511
5 11 84 163 177 511
12 0 11 34 84 85 98 118 134 163 176 334 484
3 239 388 506
1 151
1 451
1 451
9 49 151 154 202 347 415 424 451 501
6 18 38 167 320 392 444
3 124 149 252
3 60 275 537
1 305
4 151 433 495 548
12 63 113 276 284 313 352 380 386 451 490 544 548
1 527
1 360
4 45 103 329 552
1 201
2 524 537
1 201
7 34 151 201 207 243 260 456
1 451
2 153 171
2 415 451
1 360
1 149
61 13 22 36 40 49 60 88 94 107 109 116 120 123 131 153 164 165 192 194 195 206 225 229 243 258 263 274 276 278 284 293 305 332 336 364 372 379 396 397 399 414 423 437 451 456 457 462 473 480 483 491 495 497 498 525 527 538 539 548 554 558
24 41 49 74 86 113 151 153 154 182 246 258 264 266 284 287 296 329 347 404 424 451 501 525 527
9 16 48 52 77 206 261 335 497 525
1 360
1 548
14 16 48 52 77 151 201 203 254 261 335 379 491 497 532
6 149 195 258 509 525 548
4 18 383 450 509
2 444 548
25 1 60 133 149 150 158 160 224 258 275 306 343 356 384 419 421 442 444 446 451 460 500 509 515 548
1 58
1 284
1 544
2 155 430
1 415
1 164
31 11 43 45 60 158 243 258 275 280 284 285 318 329 360 364 366 390 396 399 409 415 423 463 482 495 496 505 509 525 527 554
9 10 48 75 77 82 348 415 495 516
3 284 344 360
2 302 527
19 29 31 34 68 151 170 266 299 356 367 368 407 409 415 495 516 525 554 559
1 164
1 284
1 210
1 201
6 24 56 291 432 491 527
1 113
1 360
5 164 201 243 396 491
3 125 149 312
2 390 423
2 267 527
3 37 472 510
1 77
1 360
1 360
0
3 26 285 431
3 178 388 506
1 360
2 149 330
1 14
77 1 4 5 14 16 34 43 53 59 60 63 87 94 100 101 104 106 107 116 122 131 136 137 149 160 164 195 201 217 229 254 258 263 266 272 275 284 290 315 355 362 364 369 378 379 381 395 396 397 399 414 415 420 423 425 447 451 456 458 467 469 470 474 478 491 496 507 509 525 527 528 541 548 553 554 557 560
1 164
3 275 481 482
6 24 29 202 284 360 415
1 360
2 60 405
1 284
2 166 491
1 284
2 124 184
3 34 360 487
3 206 243 491
1 280
1 548
1 149
35 1 11 60 113 127 133 149 150 153 160 201 202 207 210 217 243 266 275 284 285 296 328 363 367 444 446 451 479 496 509 525 529 536 537 554
2 111 404
4 34 195 290 326
12 6 16 48 52 77 203 206 335 344 399 451 497
3 63 138 331
7 114 126 131 201 243 479 496
1 202
1 360
21 41 103 113 151 153 170 202 221 243 258 356 367 404 409 415 451 463 465 495 525 554
1 232
4 139 396 412 507
1 527
3 344 426 526
1 451
1 243
5 78 97 285 397 520
1 201
30 1 23 43 60 61 65 149 151 158 168 185 210 217 243 245 258 280 364 390 423 427 442 444 446 481 482 496 509 527 537
14 63 113 188 201 284 313 333 352 380 386 451 490 544 548
1 284
1 201
2 57 451
7 60 110 153 217 255 275 286
1 527
1 149
1 360
65 4 24 43 50 54 60 63 86 113 116 122 143 146 149 153 160 164 188 201 202 212 217 219 223 243 246 249 251 258 276 277 294 295 296 313 327 344 352 360 366 379 380 386 397 399 414 415 451 475 479 490 491 493 495 497 508 509 525 527 540 544 546 548 549 554
14 60 61 65 169 217 238 258 273 318 431 451 461 482 520
2 153 280
1 202
2 390 423
1 153
3 34 243 260
6 24 56 226 432 491 527
1 404
1 201
2 4 284
1 284
21 33 47 71 107 146 160 164 202 258 284 321 354 361 366 377 415 441 451 479 495 554
1 113
3 73 339 509
10 31 34 68 151 221 358 367 368 407 559
1 149
1 164
2 220 527
1 164
1 509
3 186 201 396
2 210 515
3 130 149 164
2 151 452
7 9 60 153 316 320 421 444
1 48
2 32 391
2 125 230
12 63 113 188 276 284 352 380 386 451 490 544 548
1 374
3 60 243 461
5 9 175 309 320 421
2 61 389
4 60 217 285 482
2 76 451
13 9 60 66 99 175 183 309 316 343 400 421 422 468
2 296 548
2 34 449
1 329
1 491
2 149 545
2 34 260
1 284
6 43 164 258 371 527 548
14 45 103 191 202 217 323 360 366 404 409 415 416 495 552
2 149 241
2 138 262
1 201
1 276
10 0 34 84 85 98 118 134 163 177 484
8 16 48 52 77 203 206 261 497
1 201
1 527
1 512
10 34 39 73 95 122 159 160 298 451 509
3 34 39 554
1 48
1 499
3 210 320 421
15 43 54 153 160 164 219 261 270 284 360 399 426 451 526 527
1 164
5 360 451 471 504 547
8 49 151 154 182 202 424 451 501
7 10 48 75 77 82 218 516
3 149 164 451
1 18
1 164
12 63 113 188 276 284 313 380 386 451 490 544 548
2 451 554
1 296
6 14 94 243 397 507 557
14 146 151 170 210 221 266 377 384 409 415 419 495 525 554
1 451
1 299
1 164
37 20 21 24 45 60 113 128 153 190 199 204 217 219 228 235 236 240 246 247 253 265 283 284 329 344 346 366 409 415 429 451 495 497 527 540 548 554
2 47 296
7 101 136 243 425 478 541 553
1 258
13 60 94 131 201 217 243 275 385 396 451 461 474 537
1 161
20 33 45 107 111 146 149 164 217 284 296 329 360 377 399 409 415 495 497 527 554
17 31 34 68 151 221 258 266 299 368 407 409 451 509 516 525 548 559
9 31 34 68 151 221 299 367 407 559
2 243 447
2 415 465
3 164 328 451
1 201
1 132
2 314 491
7 28 149 161 491 509 527 532
1 161
13 33 107 146 164 170 296 356 366 384 409 415 445 495
1 243
10 107 122 201 206 243 284 414 451 527 548
12 63 113 188 276 284 313 352 386 451 490 544 548
2 243 476
1 164
4 18 208 450 509
8 146 170 210 356 377 409 419 495
2 131 364
13 62 63 113 188 276 284 313 352 380 451 490 544 548
1 548
4 161 178 239 506
1 317
12 1 60 108 125 158 217 231 275 288 423 509 537
2 32 311
3 169 183 521
1 451
1 164
3 159 243 451
14 139 164 201 217 229 243 268 305 364 397 423 491 531 537
17 14 97 116 164 201 243 273 284 355 396 414 491 507 527 548 554 557
0
24 43 54 94 146 149 152 160 164 201 217 243 261 284 344 366 451 491 495 497 514 525 527 548 554
3 60 66 320
2 60 503
1 164
1 548
11 41 86 111 202 259 266 292 329 451 495 525
3 7 60 248
1 512
9 31 34 68 151 221 299 367 368 559
1 415
18 45 146 151 170 217 221 266 329 356 360 366 367 377 384 415 495 525 554
2 3 456
1 158
2 268 507
1 77
8 107 116 164 201 243 284 379 397
45 10 12 16 24 29 33 45 46 90 107 146 149 151 164 170 182 198 215 217 218 221 243 246 266 284 296 329 356 360 366 370 377 408 409 433 451 465 477 491 495 516 523 525 548 554
1 329
2 25 149
2 149 451
3 210 356 384
1 243
6 9 210 309 316 320 343
2 70 320
17 43 60 108 201 217 231 243 275 288 390 396 509 522 524 531 537 540
8 49 151 154 182 202 347 451 501
7 101 136 243 362 478 541 553
3 270 344 526
2 60 275
2 15 468
1 360
2 158 214
3 238 285 527
6 24 56 226 291 491 527
4 187 415 477 548
1 446
1 164
1 151
1 201
1 497
1 164
2 60 524
1 296
3 210 275 537
1 451
14 1 16 60 107 150 183 209 210 258 275 309 446 525 536
1 377
21 0 1 60 85 110 118 149 150 151 159 210 258 275 434 444 451 496 509 525 548 550
2 243 369
1 1
2 34 322
4 18 208 383 509
99 0 27 34 35 39 41 43 45 49 50 51 57 60 63 76 83 94 95 113 122 142 149 151 153 154 157 158 159 160 162 164 174 180 181 182 188 196 198 201 202 210 243 258 261 266 271 276 279 284 285 296 313 319 339 344 346 347 349 352 353 357 360 364 367 371 379 380 386 393 395 399 404 415 418 424 443 446 455 475 479 488 490 491 492 496 500 501 502 509 525 526 527 531 534 543 544 548 554 555
1 308
1 491
1 497
1 451
6 3 8 195 201 243 410
1 201
1 243
1 149
2 210 518
6 60 169 285 315 364 520
1 201
6 145 151 217 266 550 554
3 14 67 486
3 266 370 415
1 164
2 106 243
2 320 428
1 243
2 100 243
4 111 346 504 547
5 37 60 233 510 537
1 201
3 94 243 364
3 89 284 451
1 381
3 415 433 548
7 101 136 243 362 425 541 553
10 114 131 160 258 263 284 296 451 496 554
1 201
5 60 245 275 482 511
7 60 217 245 275 285 318 481
1 201
10 0 34 84 85 98 118 134 163 177 334
1 491
4 14 67 158 464
1 253
4 94 451 490 525
1 527
14 63 113 188 276 284 313 352 380 386 451 488 525 544 548
40 19 24 43 56 61 69 72 146 149 151 164 166 201 206 226 229 243 250 254 284 291 324 374 375 396 397 399 415 432 451 453 485 495 505 509 527 532 542 548 554
1 451
1 284
2 117 149
39 16 33 45 81 96 107 141 146 147 149 151 160 164 170 187 201 217 218 221 266 284 296 329 356 360 366 377 384 399 404 409 415 491 497 525 527 540 548 554
14 0 34 60 114 131 217 243 258 263 275 446 451 479 509
24 2 16 48 52 77 149 151 164 201 203 206 261 284 335 360 366 399 438 454 495 527 540 548 554
1 201
1 342
3 160 210 451
8 49 151 154 182 202 347 424 451
1 451
2 60 401
3 346 471 547
3 148 217 491
4 161 178 239 388
7 14 243 268 355 397 412 557
1 284
36 16 18 23 43 60 73 147 149 151 158 160 164 207 208 210 217 243 258 275 284 298 304 339 367 375 383 390 423 446 450 451 491 496 527 537 548
3 37 233 472
5 43 175 176 481 537
2 338 406
1 45
1 399
2 210 306
11 10 48 75 77 82 218 221 348 367 415 554
2 78 105
2 69 460
0
6 30 60 169 273 285 461
1 392
1 423
4 12 415 525 548
4 60 193 423 440
42 12 41 43 60 64 86 113 121 149 150 151 153 160 170 201 202 203 207 217 221 243 258 266 284 356 367 399 404 409 415 444 446 451 488 490 495 523 527 537 548 550 554
4 270 344 426 451
55 4 24 26 34 43 55 56 87 98 107 113 122 124 135 146 149 155 164 189 201 202 217 220 226 232 243 269 275 281 284 291 302 328 337 344 360 366 375 379 397 399 431 432 451 489 491 495 497 509 525 532 540 548 554 560
1 243
2 127 258
1 18
3 396 423 451
5 149 206 375 491 527
1 48
1 451
1 146
2 258 444
15 60 61 185 193 258 275 364 390 396 423 442 472 509 511 525
1 201
1 201
9 60 284 360 423 495 497 527 548 554
7 101 136 243 362 425 478 553
1 491
1 451
13 63 113 188 213 276 284 313 352 380 386 451 490 548
2 149 325
1 284
3 346 471 504
56 0 12 16 27 43 63 88 98 113 122 124 146 149 151 160 164 187 188 201 205 207 209 210 243 256 276 284 313 321 328 352 360 367 379 380 386 387 397 399 403 415 433 446 451 477 490 491 495 497 509 523 525 527 540 544 554
1 284
4 145 446 463 525
1 164
4 45 103 191 329
7 101 136 243 362 425 478 541
39 0 29 82 112 146 149 151 160 164 170 172 201 217 221 243 258 266 284 296 340 353 356 360 366 397 399 409 415 451 463 479 491 495 497 516 525 527 540 548
1 451
1 91
5 14 243 355 397 507
1 201
9 31 34 68 151 221 299 367 368 407
3 43 243 527
