1010
12 156 397 399 466 472 493 516 537 543 610 612 853
12 44 63 114 191 344 359 371 416 559 648 766 993
12 139 197 213 595 701 741 802 814 838 893 910 962
12 31 43 118 279 321 554 732 753 762 788 834 872
12 213 228 250 255 335 429 452 497 738 900 997 999
11 110 179 249 391 430 658 666 689 694 783 787
12 68 77 124 373 402 432 550 660 845 863 867 938
12 45 60 109 259 313 314 398 448 606 608 955 966
12 53 110 152 279 288 426 534 575 689 837 855 945
11 60 177 209 346 372 394 544 639 942 962 986
12 67 85 146 166 226 297 307 379 425 444 502 1005
12 17 119 360 433 474 529 540 549 555 764 931 934
12 17 259 360 420 421 686 694 725 849 942 981 1005
11 256 283 544 611 675 833 856 912 932 953 963
12 285 391 433 490 523 594 686 700 867 894 947 984
12 66 139 161 245 246 354 426 594 702 755 837 947
12 119 138 219 227 242 328 373 475 596 645 903 1008
12 11 12 71 88 392 421 460 543 685 718 759 869
12 44 185 242 298 392 445 459 618 621 756 869 968
12 24 87 102 171 211 296 333 387 528 612 648 680
12 80 150 367 452 599 600 620 681 709 814 846 864
12 219 298 359 467 493 526 662 789 795 898 942 951
11 142 181 297 336 356 374 509 809 926 931 987
12 150 166 223 227 437 651 711 807 816 833 846 1000
12 19 195 291 331 456 465 487 516 678 711 892 963
12 38 70 101 217 275 425 544 912 914 948 977 995
12 41 152 160 281 313 474 657 696 769 772 774 820
12 200 259 278 294 379 424 430 609 851 872 895 909
12 64 121 166 325 394 459 661 705 826 907 957 997
12 113 267 329 390 405 494 571 587 630 669 848 873
12 104 112 187 197 289 293 364 476 661 861 922 966
12 3 139 204 351 410 441 466 681 713 784 821 976
12 38 50 455 498 534 598 622 671 748 765 812 984
12 38 234 286 414 425 437 503 581 836 866 961 978
12 60 315 377 407 545 646 692 743 804 862 906 941
12 138 150 214 348 502 709 763 808 823 854 867 870
12 156 268 517 519 643 699 742 754 805 904 912 925
12 212 228 264 285 296 420 425 454 501 836 855 950
12 25 32 33 235 431 461 520 525 537 579 648 913
12 87 209 504 511 546 695 715 723 762 764 913 930
12 63 119 127 186 226 231 456 539 604 653 658 670
12 26 91 297 362 380 649 749 768 790 825 828 991
12 69 189 193 307 346 531 562 564 680 690 820 905
11 3 194 211 548 624 758 868 891 921 979 1002
12 1 18 133 199 400 411 461 599 794 799 852 915
12 7 80 126 205 269 375 506 545 719 722 744 874
12 73 165 292 400 478 537 595 783 835 931 985 996
11 292 297 412 545 614 738 756 813 940 1000 1007
12 87 100 129 296 305 410 638 702 753 816 876 976
12 325 330 375 412 598 602 624 654 682 743 769 797
12 32 295 306 319 349 376 469 535 594 779 807 848
12 58 77 228 306 316 336 451 524 654 854 912 935
12 203 236 277 444 446 532 621 693 725 744 916 981
12 8 279 306 360 366 368 458 576 577 641 772 955
12 277 383 393 446 556 793 853 864 874 915 956 1002
12 57 79 97 134 210 262 369 471 560 632 663 772
12 80 435 443 665 674 754 763 800 814 816 949 996
12 55 62 112 118 121 295 459 585 618 627 630 675
12 51 86 149 207 266 301 478 636 639 672 876 988
12 106 134 280 342 462 505 531 579 625 632 793 972
11 7 9 34 75 152 196 332 369 499 780 953
12 76 92 262 531 631 750 779 902 907 931 984 1009
12 57 102 192 408 587 632 807 846 877 945 994 995
12 1 40 129 323 408 446 602 667 752 763 798 851
12 28 217 419 505 519 538 558 593 631 924 947 1001
12 156 176 191 203 374 416 456 551 610 820 860 889
12 15 68 308 377 397 415 492 571 590 783 789 886
12 10 109 206 258 388 606 673 888 929 988 997 1000
12 6 66 294 399 417 455 518 551 575 642 831 975
12 42 113 143 184 287 303 624 726 746 763 881 962
12 25 82 412 519 560 601 685 706 707 768 825 860
12 17 165 219 394 435 438 488 576 645 854 927 1003
12 124 272 348 409 439 444 681 755 830 849 874 929
12 46 155 406 461 473 508 527 529 531 661 760 847
12 173 316 351 392 488 493 553 555 586 624 749 958
12 60 99 318 339 348 588 590 639 656 790 875 998
12 61 117 150 352 395 440 525 527 556 786 839 914
12 6 51 221 399 412 550 566 619 723 839 919 996
12 113 272 332 335 338 486 865 928 948 963 987 998
11 55 106 123 281 373 519 564 671 815 820 970
12 20 45 56 82 177 202 217 537 569 827 937 942
12 124 140 158 276 409 434 506 547 653 820 901 931
12 70 80 92 117 218 388 481 638 748 763 905 938
12 408 470 510 544 555 580 632 650 681 774 786 987
12 178 406 437 681 700 719 753 757 804 810 822 973
12 10 130 272 291 295 437 495 503 514 594 758 945
12 58 151 326 374 388 448 492 517 619 658 775 846
12 19 39 48 176 220 277 386 503 771 798 899 979
12 17 122 126 146 269 297 383 407 450 570 873 966
12 137 164 205 460 529 694 748 824 858 890 899 918
12 102 167 186 252 276 504 533 563 636 735 758 932
12 41 98 105 171 179 276 389 450 507 532 902 920
12 61 82 193 378 382 384 470 534 835 840 846 866
12 146 232 243 357 391 421 444 470 630 741 886 957
12 103 152 174 222 269 295 579 828 875 896 955 965
11 107 212 501 505 550 561 575 586 701 933 984
11 174 379 425 521 586 599 758 797 868 970 971
12 55 99 138 217 295 437 827 840 958 973 984 996
12 91 180 291 299 317 373 399 582 617 764 840 867
12 75 97 186 206 264 315 426 606 610 799 895 1007
12 48 175 205 343 371 512 610 645 751 863 887 982
12 25 252 310 311 368 442 493 605 607 679 753 761
12 19 62 90 106 243 325 343 512 514 764 948 981
12 94 123 166 363 367 395 425 483 622 648 754 975
12 30 166 262 294 326 540 574 672 782 859 927 967
11 91 155 318 374 479 592 601 739 747 897 973
12 59 79 102 134 304 319 374 488 653 666 891 993
12 95 118 269 440 442 484 549 876 885 888 918 948
11 243 453 610 647 692 697 719 822 826 846 928
12 7 67 127 164 178 258 282 292 418 562 754 1005
11 5 8 156 169 303 431 556 711 777 920 922
12 158 306 359 471 614 640 656 694 698 710 746 988
11 30 57 140 198 351 447 487 687 753 824 904
12 29 69 78 169 233 354 393 637 777 843 895 915
12 1 121 140 186 268 316 326 337 751 896 910 982
12 165 186 215 260 368 572 608 613 623 666 842 995
12 187 333 352 387 542 558 582 661 665 689 770 1007
12 76 82 134 170 322 610 676 767 784 882 884 985
11 3 57 107 341 346 678 741 861 866 903 966
12 11 16 40 172 240 259 297 318 453 609 774 920
12 208 293 322 380 406 418 453 526 678 700 704 944
12 28 57 114 129 176 415 557 588 760 833 902 942
12 88 154 158 160 243 499 514 699 700 732 787 909
12 79 103 145 190 310 381 385 524 674 770 916 943
12 6 72 81 204 269 462 492 537 641 787 825 902
12 274 310 401 416 457 498 533 806 811 835 848 892
12 45 88 264 266 342 350 508 514 551 697 741 819
12 40 109 320 340 419 513 526 574 626 766 795 892
12 148 171 190 257 447 532 539 572 809 848 850 940
12 48 63 121 148 192 270 282 347 381 443 526 797
12 85 179 274 428 454 658 669 682 699 724 833 845
11 164 327 339 442 489 516 559 566 637 725 847
12 241 268 277 333 409 455 461 463 540 585 803 947
12 44 139 228 285 310 472 587 640 749 902 951 961
12 55 59 106 117 154 165 284 544 560 775 915 934
12 173 278 321 347 604 606 655 769 841 937 955 964
12 145 205 254 383 446 612 646 774 787 822 921 980
12 89 188 286 322 426 497 601 705 847 863 982 1006
12 16 35 97 355 440 470 486 659 672 686 779 796
11 2 15 31 133 185 238 322 496 700 855 974
12 81 112 114 190 246 288 431 694 765 802 991 992
12 157 333 383 403 424 507 578 721 776 824 913 966
12 22 289 476 583 599 654 671 803 911 974 995 1003
12 69 227 305 356 382 617 659 685 818 891 917 976
12 241 352 426 654 671 685 759 764 822 824 829 931
11 123 136 158 213 240 272 275 404 625 955 989
12 10 88 93 271 317 360 441 468 524 872 909 1003
12 157 212 535 619 666 774 785 833 845 852 856 975
12 128 129 185 265 343 519 587 631 642 719 891 979
12 58 165 280 384 400 427 551 737 748 828 939 944
12 20 23 35 76 260 307 423 428 574 732 827 905
12 86 215 363 482 500 527 541 633 656 727 765 920
12 8 26 60 94 293 400 411 413 489 579 682 717
11 175 267 273 473 502 510 576 611 800 862 996
12 122 134 181 183 209 251 525 797 827 870 972 1001
11 73 105 185 276 500 604 608 681 938 958 974
12 0 36 65 110 279 400 545 574 752 768 852 955
12 141 147 264 369 489 622 624 645 839 853 862 965
12 81 111 122 145 448 527 639 727 739 762 946 982
11 272 383 386 546 655 680 739 742 769 844 881
12 26 122 196 421 442 597 703 736 781 794 937 997
12 15 236 237 344 480 654 697 747 881 884 959 980
12 184 192 232 447 542 638 717 726 756 872 878 936
12 232 368 439 488 646 843 901 917 923 947 986 989
12 89 109 131 237 427 429 529 706 779 862 879 1003
11 46 71 115 134 149 206 231 382 533 684 850
12 10 23 28 103 104 243 306 484 501 789 846 896
11 90 206 364 502 510 525 555 628 654 779 894
12 255 311 363 379 380 549 594 675 717 739 798 874
12 110 113 250 301 326 511 540 704 825 911 912 917
12 117 218 418 521 537 566 582 594 806 852 932 933
12 19 91 128 237 257 300 534 609 628 668 736 1007
12 119 285 311 361 382 657 703 761 779 831 994 1001
12 74 135 396 519 563 605 677 758 767 813 972 976
12 94 96 289 318 325 402 569 727 779 884 917 963
12 100 153 406 482 532 570 578 679 778 789 824 1006
12 65 87 121 250 282 470 634 862 879 888 986 996
12 9 80 179 188 236 383 432 517 532 590 607 754
12 84 109 270 319 435 448 642 719 760 800 837 941
12 5 91 130 177 366 451 596 691 740 741 762 937
12 98 228 244 247 388 408 487 653 681 712 718 865
12 22 154 314 394 522 532 553 612 742 860 915 968
12 226 250 491 539 593 723 732 811 855 859 912 929
12 154 238 358 359 510 512 594 755 762 772 901 981
12 69 162 380 385 482 581 652 664 840 885 939 968
11 18 139 148 155 275 312 834 865 868 897 920
12 40 90 99 114 115 272 356 599 637 742 760 974
12 30 116 275 299 407 485 538 612 865 873 901 925
12 137 177 208 229 235 292 299 347 539 558 708 978
12 42 231 412 470 590 637 735 928 930 944 967 983
12 123 128 140 196 204 262 300 306 376 693 808 883
12 1 65 264 276 295 306 366 546 682 699 792 866
11 62 129 162 204 336 364 398 445 676 802 817
12 42 92 266 287 406 507 658 785 812 953 961 986
12 43 245 309 331 430 541 566 697 764 794 803 930
12 24 236 247 343 523 568 630 728 803 953 989 1007
11 60 160 190 356 505 651 708 740 789 836 962
12 2 30 221 231 280 477 493 665 722 744 816 977
12 112 290 331 350 588 613 647 681 735 771 827 884
11 44 311 367 495 566 656 664 667 672 784 925
12 27 225 422 477 546 552 581 591 592 718 881 987
11 213 349 393 421 515 641 657 734 793 819 974
11 80 205 237 353 543 567 659 743 947 959 986
12 52 65 233 448 469 526 669 731 743 771 839 884
12 31 124 190 192 275 301 327 430 433 538 638 973
12 45 89 100 136 202 334 634 696 744 800 925 975
12 67 99 165 167 556 559 602 720 814 815 867 877
12 58 231 233 241 515 568 580 696 728 817 869 1007
11 120 188 277 300 309 398 455 614 757 789 801
12 9 39 154 508 573 593 707 767 804 831 856 953
12 55 225 307 370 400 452 505 536 546 711 910 965
12 19 43 213 278 281 297 354 500 543 841 922 946
12 37 95 147 222 359 392 487 518 855 880 913 960
12 2 4 145 201 211 223 232 354 366 396 629 871
12 35 330 337 470 485 488 568 651 725 770 882 988
12 115 151 224 361 367 516 543 749 787 815 849 965
11 253 417 489 562 590 607 664 771 808 950 955
12 25 64 80 97 274 290 311 402 472 525 775 818
12 82 170 247 274 296 335 349 362 387 465 545 650
12 16 21 71 305 376 384 390 517 599 762 934 968
12 87 439 586 652 665 691 801 813 834 843 943 988
12 77 197 238 249 279 517 555 644 648 689 757 1006
12 94 212 291 473 540 717 773 794 873 885 887 1004
12 23 213 243 333 403 432 573 632 677 690 926 933
12 215 287 321 332 373 442 511 634 713 776 816 862
12 200 210 320 431 489 509 522 583 711 810 892 978
12 10 40 182 500 546 561 616 647 700 943 963 1004
12 16 23 143 289 396 463 496 567 602 631 775 905
11 4 37 51 133 180 424 479 597 751 781 849
12 188 382 404 498 508 515 527 657 671 706 707 949
12 382 433 468 694 750 835 837 842 845 871 948 959
12 40 165 189 197 207 442 558 560 625 691 766 834
12 93 162 163 213 372 410 481 579 671 678 896 899
12 113 203 207 427 496 500 536 559 695 720 785 868
12 33 255 389 424 446 669 678 693 782 792 875 923
12 38 188 288 476 518 667 698 862 873 890 926 983
12 52 161 177 195 243 318 600 634 635 641 712 787
12 161 164 171 202 299 697 735 770 826 954 956 983
12 139 183 221 349 424 439 581 684 793 806 811 922
12 293 302 444 473 515 541 559 652 772 795 886 893
12 119 145 256 361 405 445 451 744 850 874 960 983
12 132 144 207 262 294 475 489 511 600 853 939 968
12 16 18 283 417 497 542 727 740 755 800 836 892
12 93 102 108 122 166 223 236 279 683 778 882 1008
11 180 254 275 369 404 547 621 684 858 869 977
12 15 194 263 267 315 499 815 865 907 911 970 998
12 15 140 296 390 538 576 738 927 940 946 953 974
11 180 195 218 303 762 790 826 830 851 970 1006
12 321 322 398 566 571 602 636 650 714 729 837 908
12 5 221 358 373 409 474 616 823 831 888 936 1009
12 4 169 176 182 308 335 359 379 567 645 865 992
11 154 290 341 510 552 717 836 913 919 924 966
12 90 101 253 324 471 550 561 592 715 788 801 925
12 216 252 401 411 483 484 533 561 659 847 962 991
12 136 244 270 367 514 638 707 725 767 826 937 994
12 4 168 234 308 350 380 405 832 900 906 953 973
12 13 240 391 492 614 671 685 897 908 925 961 1006
12 128 171 366 375 419 496 581 656 718 728 853 946
12 67 109 322 353 434 529 624 652 720 781 895 909
12 7 12 27 119 370 497 499 548 595 682 779 948
12 115 150 467 481 494 575 689 701 794 876 935 968
12 289 327 345 420 655 698 725 731 860 920 927 977
12 55 61 104 190 241 321 325 386 443 663 848 904
12 245 278 460 601 629 679 682 683 744 898 940 1009
12 37 99 126 157 191 292 336 514 547 557 705 715
12 148 338 504 593 613 730 746 769 804 812 957 964
11 58 126 193 274 333 705 707 806 807 960 975
12 29 153 245 301 357 485 556 643 823 828 850 973
12 36 114 132 368 512 661 670 830 883 891 916 1007
12 45 88 94 107 124 433 493 533 696 767 813 830
12 129 178 254 332 392 569 581 726 841 850 851 904
12 146 341 394 475 549 560 577 661 729 763 962 1005
12 72 78 85 145 159 186 353 474 586 613 725 860
12 153 279 288 307 415 428 530 568 573 727 838 849
12 125 130 217 218 266 347 403 644 772 811 820 919
12 25 145 185 187 204 244 285 313 389 476 703 808
12 81 90 91 155 191 291 303 338 620 624 658 675
12 52 54 87 132 208 414 629 677 827 859 887 1006
12 27 135 211 263 319 377 398 435 664 696 748 806
12 3 8 53 156 221 243 273 349 429 482 709 744
12 59 149 197 304 312 344 386 602 680 710 738 761
11 26 79 211 348 403 477 484 678 752 802 814
11 109 129 176 390 439 629 736 767 835 851 858
12 13 242 359 365 418 456 618 669 692 739 847 940
12 134 319 351 368 587 737 748 755 795 878 957 997
12 14 37 133 172 275 301 346 390 435 501 640 879
12 33 137 311 469 547 564 598 651 661 827 932 970
12 69 193 224 293 360 449 651 659 663 707 812 964
12 8 140 235 273 300 310 387 428 570 587 701 868
12 30 142 174 227 261 459 502 676 677 751 776 803
12 198 217 251 372 486 517 700 831 861 901 925 964
12 24 85 98 222 276 307 437 662 752 809 829 992
12 46 47 109 188 264 301 656 758 787 841 847 857
12 30 120 152 239 287 314 341 362 482 574 603 697
12 27 68 104 241 302 363 384 389 601 745 757 970
12 50 57 85 94 97 191 422 486 564 634 635 761
12 19 37 48 218 246 339 423 548 627 671 785 978
12 10 22 41 47 88 119 211 371 400 440 773 829
12 18 21 340 404 509 589 658 784 799 899 985 986
12 98 187 188 237 364 429 545 560 593 607 729 898
12 171 190 208 288 376 542 570 603 679 730 974 989
12 58 169 204 267 285 292 488 557 637 668 813 821
12 239 294 357 369 438 518 722 743 755 780 800 939
12 69 110 247 276 323 405 461 531 558 780 845 939
12 106 280 314 326 355 392 482 743 745 872 981 1009
12 48 143 219 361 412 465 481 529 554 674 840 889
12 50 51 53 111 166 190 191 309 364 734 837 849
12 10 42 150 210 273 291 323 362 535 961 994 1009
11 66 250 255 444 551 624 633 721 749 914 1007
12 194 208 306 462 474 719 783 870 887 889 925 995
12 101 123 125 133 288 351 456 529 818 879 887 973
12 101 168 172 199 217 286 414 545 592 748 774 898
12 185 280 349 408 491 520 716 772 815 848 883 901
12 7 26 275 325 366 399 642 731 740 802 804 983
12 7 181 293 304 443 486 558 580 591 667 776 970
12 34 99 245 426 577 635 779 869 898 920 997 1004
12 51 74 114 391 441 561 567 598 637 775 819 957
12 98 146 386 406 437 473 476 582 604 726 901 975
12 75 105 119 174 236 437 449 501 577 778 789 830
12 50 106 178 278 284 368 449 493 599 611 786 967
12 127 225 335 365 446 459 637 749 788 893 1001 1004
11 3 135 224 248 262 375 513 560 608 620 688
11 117 120 137 139 248 258 349 505 592 674 897
12 63 303 307 332 398 555 620 637 651 871 995 997
12 252 363 395 544 550 619 660 753 865 866 939 992
12 28 49 102 174 262 313 396 472 595 765 771 844
12 86 104 114 169 304 412 434 623 634 678 746 766
11 131 204 261 573 588 746 750 818 857 879 960
12 16 333 516 563 811 829 854 925 926 937 978 989
12 29 349 357 387 442 524 608 621 729 850 967 990
12 49 214 345 480 496 515 565 577 709 746 834 908
12 24 194 198 546 573 683 728 775 777 889 891 985
11 60 78 224 270 323 394 622 720 732 786 836
12 19 116 132 141 223 266 328 363 591 720 817 892
11 205 417 422 425 502 514 628 733 841 952 996
12 4 78 218 250 320 341 354 518 687 704 886 953
12 22 51 192 264 358 452 464 479 590 640 657 942
11 114 214 406 436 528 583 641 810 871 905 951
12 78 265 276 533 713 753 777 780 865 867 930 977
12 75 131 296 397 410 465 524 589 663 669 741 969
12 127 298 383 397 628 667 670 726 775 806 879 980
11 118 251 271 293 335 427 465 630 654 708 838
12 59 126 438 536 552 592 596 669 695 774 810 946
12 100 102 148 195 360 554 614 660 862 894 903 1004
12 1 161 280 360 482 491 535 662 789 812 893 953
12 261 330 363 365 386 461 511 644 731 793 810 825
12 9 42 118 285 486 611 616 633 670 722 747 954
12 129 135 188 274 396 454 515 631 651 665 718 988
12 35 72 75 281 591 723 738 741 893 936 979 981
12 50 201 218 238 279 312 322 329 585 666 685 1003
12 126 198 255 423 461 528 557 722 756 807 866 871
12 31 74 112 284 310 711 733 816 879 923 969 1004
11 76 116 144 373 590 639 673 780 808 837 983
12 202 258 272 366 479 564 717 752 810 858 898 934
12 15 113 211 213 335 370 403 499 541 748 850 874
12 138 304 457 495 627 668 842 848 865 867 958 960
12 22 143 186 196 371 438 511 584 829 903 928 969
12 93 267 302 329 383 594 618 751 770 789 825 1009
12 183 249 336 424 542 662 686 722 723 795 813 986
12 1 21 111 183 212 250 283 496 576 761 791 926
11 11 12 53 146 287 343 344 503 534 582 968
12 172 215 240 305 362 377 498 788 906 971 990 1008
11 41 218 293 307 361 378 437 646 783 811 901
12 103 151 168 294 324 333 345 430 647 846 873 975
12 30 167 192 299 306 573 619 759 852 909 938 993
12 283 320 345 393 423 478 506 526 605 664 735 788
12 53 179 191 213 257 313 353 397 531 538 742 973
12 20 103 199 215 254 401 407 469 696 831 861 941
12 53 101 115 163 268 284 319 672 773 808 885 956
12 55 60 157 244 302 420 546 584 673 724 876 898
12 210 259 354 405 456 490 520 657 851 934 951 1000
12 1 100 297 356 376 389 448 755 805 847 927 961
12 9 232 290 588 686 689 693 708 820 823 878 896
12 6 16 79 98 224 249 352 476 478 761 919 951
12 22 65 86 105 106 426 453 500 538 694 714 773
12 45 49 257 321 512 615 683 714 773 785 804 833
12 50 190 219 300 371 453 515 574 598 663 701 858
12 34 66 278 361 394 404 443 786 926 947 950 954
12 92 362 467 522 562 595 603 662 782 861 945 948
11 10 27 96 168 250 458 668 814 916 952 980
12 41 120 168 184 255 441 557 621 727 732 746 796
11 123 129 457 544 546 580 623 669 675 838 842
12 92 143 165 172 229 230 471 472 616 654 713 952
12 54 88 136 141 159 177 340 357 457 467 512 882
11 92 149 219 294 393 432 447 525 778 864 950
12 123 184 571 612 701 733 751 852 935 940 960 966
12 87 159 262 280 317 345 400 418 434 628 683 894
12 19 116 218 288 329 420 519 543 677 852 906 977
11 67 82 86 180 432 447 629 680 765 957 991
12 91 234 275 294 371 447 541 596 686 688 733 989
11 29 219 246 282 285 462 645 685 862 923 932
12 5 14 93 256 316 555 571 583 652 726 952 991
12 17 18 74 212 270 304 420 439 456 520 866 911
12 54 113 201 365 384 475 554 560 627 663 760 783
11 9 28 71 181 271 332 377 455 587 596 634
12 76 103 324 537 551 593 604 666 753 801 898 962
12 173 213 227 325 347 513 543 593 737 744 811 894
12 0 66 339 340 366 401 565 624 822 828 873 990
12 7 192 208 248 278 323 413 513 663 690 856 996
12 0 68 77 98 313 425 596 892 901 909 910 944
12 44 46 149 152 156 210 297 386 417 838 890 982
12 125 253 367 397 403 436 600 680 688 854 894 1002
11 6 174 217 434 445 515 561 710 793 832 908
12 141 223 274 281 354 401 473 542 874 910 942 1002
11 145 229 244 298 377 577 581 604 644 836 908
12 29 240 255 303 370 498 605 614 692 854 874 969
12 73 84 120 175 193 317 337 435 601 631 709 716
12 34 88 187 367 468 587 729 761 782 803 946 960
12 62 63 83 180 312 534 603 715 746 872 904 939
12 72 81 132 249 421 522 563 564 608 768 773 989
12 31 48 232 339 424 690 790 823 867 913 965 989
12 44 152 253 468 479 549 578 633 693 723 960 977
12 47 49 70 77 189 305 326 420 483 489 781 849
12 152 398 418 420 545 580 610 615 620 667 830 993
11 33 277 311 484 524 530 631 684 750 963 1007
12 66 121 273 436 652 826 839 841 924 959 994 995
12 1 65 125 492 506 613 614 710 744 800 827 945
12 68 216 242 334 400 519 667 687 698 757 809 904
12 109 120 170 283 386 413 431 565 661 676 695 809
11 64 127 257 522 657 673 793 820 832 934 943
12 12 37 261 369 387 392 412 413 503 520 670 711
12 12 17 93 160 201 409 426 637 682 811 888 934
12 200 295 334 546 602 615 721 725 861 876 947 980
12 150 296 350 365 443 474 551 737 789 913 914 935
12 27 141 228 234 238 358 410 464 541 660 877 952
12 10 25 33 37 96 103 334 399 453 582 640 653
12 8 15 99 137 144 315 374 421 618 672 784 867
12 149 164 233 341 481 528 584 649 692 839 893 911
12 130 150 273 288 515 605 739 752 771 809 825 976
12 4 164 279 299 431 456 460 596 628 695 802 926
12 5 27 194 204 363 514 532 777 857 915 950 971
12 38 110 140 225 418 429 440 472 576 598 834 868
11 6 177 223 384 388 605 679 691 694 738 956
12 11 14 204 230 269 572 578 650 763 856 938 956
12 81 258 326 386 402 460 471 514 749 914 941 1001
12 56 71 178 278 285 406 633 716 853 859 882 905
12 337 401 415 486 513 551 645 678 682 736 786 800
12 23 33 84 85 97 291 317 318 362 576 881 894
11 71 302 342 356 563 569 618 624 761 943 980
12 72 163 220 238 282 392 487 510 709 721 834 921
11 76 107 138 297 431 475 496 571 739 835 929
12 31 146 316 380 464 490 518 540 736 795 802 814
12 101 107 131 160 224 231 329 457 693 759 782 807
12 56 129 262 314 377 423 761 810 815 839 878 932
12 10 52 72 93 239 308 499 536 562 591 612 679
12 18 192 240 402 454 504 600 656 714 723 930 967
12 52 54 63 136 234 320 506 571 600 681 836 919
12 112 128 162 384 388 389 483 565 631 793 900 967
12 7 86 158 178 203 371 607 693 756 757 783 914
12 287 318 319 488 616 688 710 738 778 875 939 954
12 88 91 474 480 483 531 557 770 776 803 878 1008
12 51 179 240 469 479 486 695 706 778 821 893 945
12 4 20 210 336 481 543 559 629 659 708 745 888
12 108 119 120 374 376 425 491 742 803 899 933 955
12 37 130 347 445 486 618 686 788 842 926 935 998
12 32 68 132 208 394 485 491 547 616 666 704 1006
12 24 40 65 283 310 370 392 429 469 503 828 935
12 125 355 381 383 442 479 481 522 543 667 758 809
12 53 379 460 497 573 586 614 701 860 883 941 944
12 18 28 57 289 320 480 539 685 757 914 932 1003
12 17 89 263 429 434 458 479 598 738 841 902 998
12 38 44 73 132 303 345 350 505 519 713 750 966
12 59 124 309 390 488 493 501 554 723 745 765 928
12 132 227 587 628 640 678 783 799 809 818 850 970
12 336 424 441 538 596 698 710 791 853 962 964 975
12 24 218 305 339 341 628 685 875 926 984 996 1000
12 0 31 492 523 552 557 613 622 794 798 807 992
12 21 260 378 383 500 531 606 651 709 767 847 893
12 146 230 407 411 475 508 585 620 655 770 815 858
12 50 203 286 367 451 456 568 787 840 877 905 998
12 83 92 93 138 176 189 214 550 821 827 881 969
12 55 111 252 382 434 545 635 643 763 805 822 945
12 0 133 217 325 382 431 614 839 885 929 963 971
12 73 153 222 239 317 403 479 518 565 667 776 799
12 11 26 249 272 309 423 450 500 665 702 862 959
12 16 241 271 393 440 468 601 649 838 917 977 1001
12 30 142 235 275 317 373 671 740 756 844 884 919
12 197 200 281 487 512 579 828 832 834 881 918 957
12 46 58 365 373 542 559 643 706 936 948 950 967
12 105 228 336 353 411 451 457 460 473 526 595 736
12 161 330 450 459 525 699 704 751 845 920 936 998
12 82 232 260 305 427 452 457 507 582 659 672 990
12 151 175 184 279 293 304 344 780 851 858 933 936
12 103 253 412 447 450 530 644 806 880 882 889 988
12 107 166 253 281 414 529 625 792 842 855 933 971
11 187 214 267 455 505 595 670 680 863 886 958
12 78 138 290 295 314 346 436 451 454 543 814 995
12 24 112 180 212 439 477 552 590 600 631 784 828
12 71 74 106 163 214 301 449 462 501 502 839 913
12 131 152 157 216 225 241 412 589 617 639 697 971
12 14 370 441 548 592 622 836 861 930 939 945 973
12 182 312 344 453 455 536 568 674 707 774 797 941
12 66 86 124 256 416 466 719 788 790 832 923 973
12 0 21 74 101 197 269 319 462 681 794 878 985
11 29 260 581 607 633 662 679 770 780 802 808
12 85 199 355 575 579 675 745 755 883 887 907 924
12 139 227 233 257 330 359 440 573 611 613 688 882
12 4 137 242 259 458 532 626 634 741 826 907 909
12 32 125 229 361 405 500 653 664 768 785 840 970
12 60 122 245 259 354 444 570 758 826 842 856 926
12 151 155 211 226 233 374 467 474 498 711 784 987
12 37 95 166 285 318 462 488 541 780 800 883 936
11 10 35 153 167 289 334 488 528 816 868 918
11 33 85 87 360 420 456 563 593 644 928 964
12 39 90 265 445 524 548 687 799 813 914 945 950
12 59 64 95 196 210 322 461 485 564 744 919 970
11 45 81 365 416 446 553 589 649 922 924 976
11 91 141 193 481 521 675 720 842 856 974 999
12 73 126 209 229 468 521 547 691 724 843 914 972
12 22 225 298 511 535 542 635 776 783 798 854 858
12 83 153 167 183 251 439 565 655 750 764 887 949
12 39 169 224 241 345 356 509 604 648 780 884 977
12 100 102 183 268 375 383 477 551 750 767 872 1005
12 127 321 396 398 436 569 650 679 752 776 782 870
12 85 102 122 126 254 264 334 430 434 654 810 924
11 201 207 229 239 330 347 376 402 428 749 980
12 0 24 131 215 328 547 690 740 812 908 935 988
12 36 86 177 219 221 290 543 593 753 885 923 943
12 68 212 235 302 335 441 473 554 556 665 697 827
12 36 64 70 79 148 173 387 417 461 568 639 995
12 38 312 370 392 420 597 768 784 793 852 857 878
12 96 170 507 508 547 560 708 795 846 903 935 938
12 181 225 378 409 419 457 532 570 797 829 897 985
12 14 195 466 555 558 573 663 695 714 719 871 931
11 51 123 146 329 339 414 504 554 742 795 822
12 38 76 154 167 217 384 480 595 728 756 843 902
12 21 120 127 129 203 365 479 559 562 597 756 906
12 73 76 151 158 229 665 705 716 730 825 834 858
12 19 337 350 427 502 552 557 582 704 749 777 927
12 11 73 89 164 258 305 310 484 550 559 679 848
12 273 414 483 536 549 552 558 598 656 673 781 904
12 42 59 61 73 303 366 450 467 636 644 951 963
12 52 91 128 175 177 181 430 497 522 728 809 812
12 90 125 165 253 269 338 636 692 734 774 867 979
12 8 32 92 171 360 408 541 569 616 738 768 993
12 50 147 307 344 509 559 586 700 737 760 983 998
12 210 233 342 444 491 530 606 692 770 787 856 936
12 0 38 46 80 124 170 395 578 627 684 792 876
12 64 187 204 246 366 374 464 575 627 757 898 954
12 40 128 182 188 459 795 820 833 871 916 917 926
12 11 104 132 169 222 441 553 558 642 723 806 959
12 151 194 239 354 389 424 501 534 598 602 779 863
12 116 162 242 300 358 403 478 509 626 631 749 988
12 0 17 202 211 215 387 396 452 457 486 517 978
12 9 13 25 83 134 324 381 668 670 704 791 985
12 34 45 47 156 218 299 311 413 471 568 585 673
12 39 159 191 200 210 226 331 369 381 422 782 877
12 81 244 264 286 455 508 516 521 619 700 885 950
12 43 259 296 490 504 659 664 706 877 936 965 971
12 11 107 168 271 411 530 551 575 580 746 920 992
12 6 77 95 252 324 470 529 689 720 952 981 991
12 65 68 126 149 308 395 423 436 512 549 630 956
12 200 251 342 466 487 528 530 567 626 628 654 884
12 74 181 506 540 580 617 639 699 726 944 969 985
12 3 305 343 393 462 518 524 615 801 877 941 977
12 11 74 83 167 221 323 391 523 564 662 879 972
12 54 76 110 206 267 518 584 633 635 889 890 901
12 121 264 301 350 380 450 466 528 673 799 989 1005
12 64 116 188 231 303 314 523 530 540 769 830 958
12 1 131 206 233 239 452 478 526 529 535 918 921
12 55 70 134 231 271 299 321 393 521 690 691 722
12 95 226 252 253 316 402 638 806 831 851 923 1002
12 42 109 216 378 444 526 620 621 625 847 881 897
12 90 173 328 409 438 503 689 775 873 946 955 957
12 42 79 286 295 353 409 505 555 607 769 817 991
12 330 397 418 447 473 510 701 770 916 937 957 999
12 77 131 170 194 199 248 586 632 695 747 880 953
12 202 227 250 316 552 680 778 785 849 878 902 908
12 195 207 214 273 469 491 519 545 629 693 863 978
11 80 174 270 438 513 534 578 712 871 902 933
12 88 175 288 300 499 522 617 727 771 789 846 937
11 29 66 248 385 391 440 446 653 667 707 938
12 115 128 433 647 691 692 718 912 924 925 976 986
12 209 223 273 327 331 364 458 496 523 594 608 672
12 104 127 150 156 293 376 603 724 731 831 938 953
12 8 68 95 260 495 538 549 607 623 683 751 928
12 53 71 153 246 359 431 437 740 779 805 995 998
11 53 271 315 318 330 404 621 625 786 832 1003
12 141 175 411 433 537 569 580 591 784 869 899 971
12 38 59 94 152 232 477 495 646 805 815 982 1004
12 83 207 314 381 413 549 553 578 710 730 845 1005
12 33 184 200 238 257 270 404 494 721 736 859 879
12 98 116 170 317 360 425 481 528 668 776 845 860
12 142 225 337 391 588 635 694 865 872 910 994 1001
12 356 369 427 556 610 675 906 913 972 976 984 999
12 57 132 349 468 545 599 651 771 775 781 868 982
12 74 95 96 220 272 458 535 566 644 659 713 859
12 29 62 133 148 284 288 394 407 463 675 714 809
12 75 121 198 327 372 583 600 808 849 916 992 997
12 298 339 489 506 596 597 617 622 640 748 972 997
11 66 75 177 189 216 336 352 487 752 882 945
12 200 314 333 348 444 578 596 623 726 839 889 900
12 105 200 252 311 322 342 490 609 675 767 793 941
12 64 182 209 265 299 395 396 503 517 884 944 1008
12 14 15 50 85 168 170 183 357 573 736 888 943
11 2 46 259 325 378 479 485 525 698 732 976
12 16 179 342 389 394 399 429 464 589 591 611 857
12 160 228 520 526 589 683 704 820 932 939 960 962
12 32 49 286 316 376 431 460 530 541 756 857 965
12 20 44 96 142 186 219 319 585 670 777 961 978
12 20 236 241 401 445 446 487 588 760 877 928 937
12 70 105 137 263 294 406 475 697 829 926 946 947
12 49 63 206 227 248 280 422 541 642 822 921 975
12 293 300 378 408 574 672 692 816 834 889 925 936
12 40 135 155 317 395 404 511 639 706 754 769 980
11 101 173 365 405 428 432 632 711 765 780 864
12 7 67 99 135 467 536 608 655 728 735 786 868
11 101 177 216 299 448 494 564 575 792 835 1003
12 7 115 155 321 329 409 573 606 612 642 756 884
12 27 119 171 592 623 712 799 853 857 860 963 965
12 0 65 99 100 108 117 413 584 696 911 932 941
12 13 153 319 346 496 596 686 731 761 801 817 1002
12 0 19 136 181 187 385 444 608 643 669 670 943
12 115 198 265 272 416 466 496 662 684 782 796 836
12 47 111 208 256 343 405 416 458 472 685 906 933
11 375 413 422 554 632 677 738 828 938 981 1000
12 226 249 346 382 449 455 534 625 644 808 896 955
12 98 143 489 553 570 589 705 739 797 935 991 992
12 18 57 283 357 426 438 454 693 753 916 995 1004
11 77 86 147 324 364 547 724 727 763 790 980
12 20 276 321 323 413 468 562 638 715 734 775 918
11 18 52 244 329 380 562 577 829 923 927 942
12 32 103 157 332 466 490 589 680 721 791 893 990
12 115 326 381 575 591 609 664 692 729 747 850 922
12 43 49 69 74 157 258 276 308 397 438 825 886
11 59 145 231 484 562 577 616 715 790 860 917
12 127 497 542 552 652 669 832 850 868 873 921 955
12 57 296 355 393 537 538 779 780 837 844 866 917
11 167 171 334 340 386 429 463 465 552 880 886
12 213 263 277 282 388 452 568 754 825 841 889 968
11 29 57 93 195 341 551 759 841 913 982 999
12 61 64 148 227 347 406 414 447 487 542 647 917
12 55 59 62 83 223 566 605 615 648 731 943 975
12 151 308 346 411 435 494 556 638 709 790 819 959
12 176 205 224 236 295 326 394 497 688 752 960 964
12 236 295 315 471 509 556 583 903 904 923 944 987
12 58 90 248 531 533 657 760 785 911 930 993 1003
12 113 131 186 189 301 316 320 323 421 719 777 1000
12 48 82 162 204 254 561 620 633 653 712 909 1008
12 9 58 75 158 352 489 519 553 604 655 750 799
12 111 133 285 336 425 463 589 707 765 852 949 954
12 53 124 201 236 337 690 725 741 846 894 908 956
12 68 148 178 313 540 602 608 755 794 810 906 989
12 36 267 471 478 612 656 696 752 796 818 830 956
12 221 274 345 404 483 503 531 586 616 664 689 726
12 16 71 100 157 250 390 436 703 710 817 842 979
12 34 136 163 362 579 664 676 685 715 841 858 906
11 108 198 226 363 572 631 648 702 716 791 968
12 1 19 38 103 221 511 632 647 704 769 794 837
11 41 427 475 506 665 666 722 863 956 997 998
12 83 218 248 433 513 726 759 797 826 898 988 1008
12 23 196 214 286 287 323 347 467 585 673 760 826
12 184 220 239 258 391 415 626 680 707 742 916 1009
12 40 81 106 180 425 498 571 638 813 823 866 987
12 49 51 142 144 161 167 341 382 514 552 705 871
12 135 159 261 468 510 606 639 674 796 798 896 994
12 75 111 151 199 257 292 445 530 643 737 751 807
11 26 172 201 229 336 370 419 636 865 893 933
12 5 40 86 130 193 276 298 699 725 897 935 978
12 138 143 202 253 287 452 481 548 586 754 811 883
12 6 324 343 424 680 687 697 730 771 791 808 959
12 28 30 73 116 268 271 286 418 728 934 937 974
12 21 291 344 358 378 494 555 613 735 821 874 880
12 55 262 287 339 376 393 398 523 724 891 967 1000
12 184 199 216 278 365 498 548 623 644 646 679 748
12 56 116 197 220 347 474 518 527 649 729 848 1008
12 5 106 115 147 349 395 455 649 814 861 907 909
12 63 199 235 314 340 413 417 457 473 571 883 950
11 171 301 355 379 544 582 674 716 738 758 891
12 29 130 203 234 283 339 342 381 612 626 711 882
12 40 268 340 346 420 485 544 599 612 713 878 934
12 32 79 142 144 229 232 256 296 476 733 744 931
11 58 104 138 199 368 426 481 573 603 795 895
12 67 352 369 419 530 545 557 651 745 817 958 987
12 56 123 305 322 491 655 668 689 759 791 931 1005
11 13 57 168 276 381 495 507 584 587 592 804
12 117 192 289 418 646 681 743 786 868 877 893 990
11 173 223 277 289 387 615 686 739 785 931 949
12 24 118 120 232 234 281 326 436 463 811 815 985
12 101 175 263 300 432 444 494 513 529 664 795 960
12 19 42 159 280 388 401 485 567 622 652 660 980
12 20 31 72 83 84 155 180 198 446 493 676 993
11 49 130 152 191 259 263 421 436 748 805 878
12 243 263 331 375 386 575 597 705 840 895 905 923
12 165 238 244 414 537 613 696 747 835 907 960 981
12 17 70 143 144 256 349 390 459 465 614 646 757
12 12 14 138 358 372 389 454 611 677 702 706 946
11 112 335 417 504 660 751 761 870 872 889 892
11 321 389 401 449 496 634 747 761 785 874 1006
12 5 8 116 221 260 372 550 563 644 674 784 882
12 42 223 398 410 516 560 641 725 731 831 903 959
12 179 220 231 432 508 560 572 773 835 890 904 934
12 34 108 283 405 427 533 536 572 603 623 863 911
12 52 190 234 372 411 442 448 568 618 895 935 958
12 5 12 89 111 140 230 374 432 583 764 910 975
12 39 233 342 418 429 451 523 566 705 716 828 1002
12 26 205 207 269 278 367 610 643 684 734 983 1002
12 108 126 161 194 237 293 489 518 601 660 729 824
12 111 235 261 417 464 595 723 792 810 837 841 908
12 36 122 130 191 480 553 658 721 876 884 886 908
12 14 84 120 122 139 226 290 535 547 703 801 815
11 2 95 260 288 376 385 458 565 754 759 943
12 15 48 474 647 686 718 736 799 859 967 999 1009
12 160 172 275 645 700 818 819 843 898 956 958 959
12 120 169 335 455 480 528 544 597 648 790 866 961
12 28 137 264 266 527 617 654 683 695 729 903 1009
12 70 164 229 451 478 548 604 686 733 762 899 940
12 70 209 229 254 266 287 491 571 640 652 715 770
12 188 196 341 372 452 521 717 724 742 805 840 951
12 20 35 279 330 406 439 467 633 721 801 819 838
12 111 280 402 416 449 464 580 645 772 821 822 911
12 23 24 110 210 225 351 420 500 605 669 988 991
12 180 236 569 609 638 798 890 921 962 968 987 999
12 31 224 338 382 461 586 670 763 791 961 972 990
12 248 374 375 445 523 587 818 912 915 924 952 959
12 39 252 264 408 620 625 646 707 768 905 941 982
12 312 406 435 527 647 668 695 722 770 857 889 979
12 152 162 168 222 251 353 708 745 821 900 962 963
12 17 180 200 257 347 572 702 733 787 911 924 985
12 45 84 108 148 178 309 492 523 637 758 792 811
12 206 233 258 332 333 507 550 748 782 835 867 979
12 141 308 422 439 581 622 699 709 736 774 869 1001
12 45 197 302 346 350 358 560 649 716 785 816 940
12 39 77 182 348 358 411 445 462 540 698 872 976
12 130 369 508 574 619 663 708 734 837 876 972 995
12 12 52 131 214 254 261 272 422 641 658 690 875
12 69 162 270 317 340 391 553 591 644 650 767 996
11 151 158 174 242 273 380 570 619 833 880 900
11 195 207 257 331 525 532 606 661 798 930 983
12 248 271 299 329 407 623 665 697 705 812 860 950
12 265 300 527 580 660 736 766 788 853 956 1001 1006
12 203 261 313 345 574 611 632 690 746 798 874 982
12 3 122 150 182 332 380 595 801 877 922 955 957
12 334 351 385 389 671 706 718 818 854 918 919 928
12 201 306 533 620 696 724 765 805 822 824 864 984
12 90 189 198 237 365 606 662 743 791 792 879 884
12 160 171 282 436 441 479 581 594 702 721 730 856
12 149 284 396 423 535 656 823 850 864 924 931 937
12 4 47 246 280 348 432 449 460 534 615 668 863
12 105 158 159 168 283 428 440 617 677 755 831 880
12 179 196 242 313 476 516 576 885 902 915 921 964
12 2 93 118 126 179 339 348 497 641 877 895 973
12 36 159 181 186 366 453 524 652 708 764 856 980
11 34 49 202 203 302 304 676 735 816 883 951
12 45 52 197 205 240 263 279 396 416 505 671 861
12 294 304 452 462 495 673 717 818 852 883 910 972
12 69 111 265 326 327 330 380 408 549 731 764 1009
12 105 161 346 566 623 684 688 768 819 905 948 954
12 32 82 89 149 278 284 311 354 589 664 682 720
12 41 74 133 215 308 320 434 515 528 542 859 894
12 61 230 327 414 461 510 512 639 890 982 997 1002
12 100 114 228 289 357 385 480 575 656 687 900 942
12 63 156 281 291 353 428 513 590 634 643 838 881
12 3 48 84 101 112 324 338 395 517 618 769 996
12 36 56 103 109 177 604 629 659 701 775 841 1005
12 15 72 183 242 284 302 371 495 642 739 765 873
12 18 47 162 350 448 476 525 526 598 608 757 793
12 84 208 221 294 417 448 459 538 685 756 908 919
11 43 85 90 96 173 292 457 499 668 719 855
12 17 144 364 442 630 650 674 701 827 833 840 1005
12 73 121 178 186 393 535 600 636 651 788 1004 1009
12 101 172 280 295 359 373 407 438 443 611 687 688
11 3 39 158 179 183 219 247 706 791 814 829
12 35 56 63 69 82 271 433 471 619 713 869 994
12 11 39 98 102 144 194 510 694 742 746 815 994
11 32 140 151 325 388 462 605 640 734 755 829
12 1 127 231 326 730 773 786 843 887 901 907 916
12 117 173 209 254 269 282 467 512 592 726 991 993
12 41 70 156 409 498 520 534 715 747 802 865 877
12 26 49 135 159 265 558 564 604 648 753 864 890
12 116 123 214 237 357 450 468 494 536 565 707 716
12 87 198 203 216 325 428 570 585 660 788 826 870
12 26 53 55 183 239 274 312 710 807 838 845 848
12 222 297 368 374 375 409 691 766 814 832 848 957
12 26 83 119 136 147 311 342 491 533 721 821 971
12 86 134 217 227 316 331 340 563 585 620 754 976
12 141 224 289 314 450 473 509 513 582 802 806 896
12 110 113 331 338 430 528 599 637 796 846 847 916
12 175 243 318 384 449 451 567 802 812 820 844 969
12 50 61 138 164 167 172 174 259 315 541 576 627
12 60 302 303 338 352 482 494 501 511 605 627 821
11 160 228 258 412 530 585 829 876 958 972 1005
12 104 234 378 407 442 513 546 613 720 866 986 993
12 5 46 66 309 362 393 448 463 509 827 969 999
12 31 117 199 298 426 487 500 520 578 689 799 809
12 147 193 233 296 375 498 567 636 677 688 722 794
12 76 83 319 332 377 436 577 606 676 766 796 986
12 5 122 124 136 215 236 292 469 536 718 797 915
12 3 252 320 361 365 454 492 730 760 771 812 932
12 21 66 166 175 196 208 318 344 357 423 570 922
12 41 75 247 410 492 619 625 633 704 938 988 993
12 359 464 544 622 647 660 674 713 735 762 839 927
12 191 234 484 537 607 698 719 735 912 929 945 984
11 54 59 201 238 345 402 419 447 520 592 756
12 44 160 194 222 260 466 493 642 648 785 858 894
12 21 127 239 284 358 441 521 524 539 672 679 974
12 138 380 613 643 655 777 786 798 808 864 1005 1007
12 49 96 129 154 491 522 617 650 787 862 914 972
12 63 87 168 466 509 655 712 728 731 796 966 990
12 44 99 298 463 473 504 557 609 639 702 784 954
12 56 153 178 205 242 302 416 436 501 855 970 1000
11 208 220 252 395 554 611 700 709 732 821 889
12 2 140 192 281 313 429 441 494 768 776 778 951
12 132 142 194 195 289 407 450 453 842 844 910 942
12 34 84 209 265 313 375 675 807 873 909 920 964
12 36 371 471 576 579 682 708 734 817 819 885 978
12 125 170 238 266 278 340 483 540 561 776 944 957
11 23 50 62 266 350 442 466 656 772 804 929
11 35 190 216 275 352 368 494 588 616 660 796
12 22 128 291 417 418 428 457 463 532 587 784 982
11 84 225 337 342 345 353 443 514 642 698 965
12 125 182 238 274 328 362 396 421 659 678 719 897
12 32 193 265 287 344 516 532 729 778 788 979 1007
11 47 173 220 269 301 358 504 653 819 849 949
12 2 20 56 206 281 379 441 486 666 762 773 985
12 79 206 215 245 312 443 468 579 678 700 764 966
12 23 48 56 197 224 351 502 603 722 743 917 967
11 192 207 333 564 611 645 673 805 847 880 947
12 143 217 310 327 463 643 703 714 733 745 944 1008
12 126 201 316 633 703 709 747 805 813 869 881 886
12 26 42 65 79 81 274 372 419 539 597 778 967
12 31 301 451 470 662 710 717 774 780 801 832 872
12 84 108 136 144 397 471 524 602 710 734 893 979
12 35 249 267 372 410 653 737 894 895 910 919 969
11 89 112 141 144 175 697 734 854 861 870 991
12 41 70 124 169 345 357 428 527 624 629 847 940
12 28 108 237 247 254 415 497 499 650 651 771 855
12 80 97 150 154 198 277 286 416 470 518 759 783
12 41 94 149 267 397 456 477 487 615 695 855 987
12 144 291 297 328 356 522 601 621 762 765 781 911
12 72 247 268 269 318 413 558 643 832 879 918 1004
12 68 172 209 249 290 367 561 574 690 739 900 925
12 255 402 419 477 492 577 626 773 821 830 929 1000
12 13 23 121 130 147 375 539 727 759 888 922 944
12 3 185 220 231 330 431 439 477 527 603 856 909
12 46 92 125 230 282 440 607 684 691 720 913 915
12 33 37 196 242 251 332 404 446 490 613 874 935
12 8 15 178 230 248 306 352 627 648 698 724 890
12 2 273 341 381 400 475 709 752 772 881 918 990
12 76 77 157 203 415 427 443 472 488 591 791 892
12 92 97 98 184 305 469 498 683 708 759 896 899
12 135 211 270 292 334 415 460 629 630 646 698 754
11 115 230 355 381 454 484 499 507 645 803 919
12 113 163 220 508 525 703 766 905 906 981 986 999
11 159 325 476 627 778 803 860 875 894 938 963
12 6 130 147 230 303 480 580 582 772 878 900 920
12 20 23 62 86 92 108 166 363 521 570 641 777
12 73 131 137 253 283 292 371 467 562 777 817 825
12 29 50 125 128 262 312 355 529 665 772 773 994
12 12 72 215 228 273 306 412 567 588 813 887 983
11 128 165 240 267 270 329 354 463 623 626 737
12 27 63 247 270 282 370 482 561 864 887 898 928
12 44 147 156 170 364 385 387 520 640 745 862 868
12 0 54 157 241 257 435 464 609 730 899 944 973
11 35 51 71 328 401 405 509 733 824 904 936
12 8 37 139 182 212 484 758 800 826 828 875 887
11 13 147 209 398 433 499 507 536 736 742 834
12 292 327 430 520 596 598 609 716 915 949 983 1001
12 89 244 282 353 376 468 482 509 527 646 794 923
12 104 182 277 435 581 586 702 749 933 974 986 989
12 65 70 181 261 272 458 582 609 625 729 844 951
12 30 118 290 367 378 422 490 666 744 824 880 881
12 34 153 157 164 176 224 235 343 390 474 797 852
12 6 100 137 485 541 568 649 692 738 916 921 999
11 20 54 384 605 734 737 769 796 851 873 886
12 78 180 185 187 245 250 324 338 355 583 657 768
12 33 92 118 191 324 350 392 627 653 704 782 940
12 6 14 35 98 206 338 355 410 426 533 720 987
12 43 96 185 233 288 431 502 585 606 626 676 852
12 17 18 207 244 315 578 721 763 819 895 897 928
11 35 154 309 513 687 771 824 876 978 994 1007
12 213 230 323 337 350 523 539 569 654 912 974 993
12 3 27 146 162 304 408 512 583 687 723 821 920
12 29 88 187 222 235 363 397 563 626 755 804 864
12 45 54 72 168 240 354 403 405 662 688 731 836
12 75 94 234 449 465 725 844 855 892 903 950 954
12 48 58 107 260 369 422 537 699 724 781 870 965
12 62 206 424 469 546 548 554 600 676 732 741 768
11 162 284 372 443 450 493 520 567 670 682 845
12 164 176 285 310 327 340 351 555 581 735 830 924
12 212 483 566 628 662 727 739 817 861 888 946 961
12 69 159 161 200 437 470 477 562 752 819 838 861
12 117 214 243 383 435 483 496 590 669 689 900 969
12 190 268 312 458 495 501 659 667 743 745 921 964
12 117 161 174 198 203 476 511 552 593 608 699 735
12 107 184 222 368 472 517 547 740 805 928 937 1003
12 66 93 239 335 485 624 628 699 819 864 906 930
12 100 222 277 309 310 495 510 766 849 851 855 921
12 67 107 176 249 421 452 594 833 880 895 952 981
12 65 305 309 331 483 556 591 603 629 687 716 801
12 89 235 400 556 691 712 750 769 837 969 993 998
11 43 106 143 148 268 331 663 668 902 952 1006
12 24 125 127 225 242 333 399 687 839 875 927 933
12 2 239 320 344 348 427 451 467 622 657 676 822
12 14 167 343 386 396 401 437 641 749 794 823 844
12 27 99 113 258 672 683 693 741 823 869 888 1008
12 94 114 166 232 372 616 655 776 840 931 940 980
11 105 185 256 322 522 562 658 811 869 952 979
12 21 263 299 311 315 353 369 395 538 650 703 851
11 87 89 232 298 453 578 706 840 853 1001 1004
12 4 255 447 591 717 727 751 831 845 882 942 1002
11 81 163 183 187 290 312 317 362 399 556 766
12 61 91 121 124 133 460 525 567 569 740 891 914
12 16 118 343 356 521 635 690 705 875 907 930 950
11 36 112 262 270 408 417 530 635 691 854 918
12 42 82 150 227 337 435 469 683 715 747 843 979
12 34 255 361 387 526 584 614 642 646 843 886 915
12 28 61 245 495 497 666 684 766 903 919 947 990
12 248 256 330 402 404 516 567 641 698 699 757 984
12 27 122 146 258 364 399 497 638 666 804 834 961
12 2 114 210 399 403 583 694 745 803 823 912 934
12 142 169 245 392 427 610 636 692 710 718 829 918
12 13 25 36 51 169 182 572 714 792 871 910 954
11 38 39 141 212 251 410 423 488 584 630 835
11 25 76 308 423 434 448 459 504 508 797 902
12 44 54 113 134 181 430 714 740 787 835 857 906
12 52 123 268 379 539 565 588 618 652 766 777 863
12 143 163 169 174 475 539 625 627 631 816 927 948
12 89 107 477 502 559 620 733 830 838 904 911 968
12 77 251 274 373 446 476 505 733 757 823 842 907
12 91 110 119 151 185 261 315 480 549 804 845 872
12 43 136 439 559 602 626 712 740 863 883 887 992
12 30 110 211 238 506 623 732 789 833 961 970 990
12 163 234 351 390 492 517 561 621 635 683 858 951
12 64 251 415 495 506 514 572 714 718 737 879 999
12 36 187 199 205 252 256 290 309 328 572 603 831
12 22 223 235 328 359 377 429 454 465 499 539 601
12 71 104 246 261 371 528 621 791 892 917 929 939
12 78 108 189 356 462 503 575 600 733 851 869 885
12 67 72 182 440 472 792 807 832 927 953 964 989
11 39 189 194 338 445 490 636 728 886 903 954
12 11 22 46 61 81 144 523 671 674 677 737 896
12 13 90 170 286 390 443 459 597 610 788 958 1003
12 95 170 223 453 482 484 569 614 657 859 892 948
12 11 134 219 353 370 419 421 661 670 691 910 949
12 51 260 385 423 454 456 516 521 617 658 693 836
12 162 249 348 478 480 482 501 536 548 603 854 963
12 80 135 160 179 254 328 565 570 600 661 737 885
12 6 82 155 364 433 521 571 574 615 790 844 992
12 149 184 241 302 303 324 408 449 490 597 927 984
12 47 128 246 263 283 385 706 722 825 866 896 967
12 34 178 367 434 458 491 554 592 610 715 943 1003
12 9 12 21 80 121 336 403 621 751 803 900 999
12 123 220 226 419 438 517 594 612 632 701 941 994
12 120 149 189 399 458 553 593 635 806 818 833 853
12 8 62 85 378 416 451 471 490 504 590 792 981
12 158 211 246 257 342 407 563 601 686 880 969 1008
12 14 15 64 132 163 202 377 422 601 817 907 952
12 25 78 102 107 230 259 378 478 747 917 933 1009
11 56 229 510 640 677 813 857 934 975 1000 1002
12 37 216 377 384 430 478 504 547 667 729 875 903
12 21 133 337 370 373 531 708 743 802 860 923 958
12 334 379 382 391 424 550 714 888 891 897 947 954
12 13 60 193 195 209 246 255 335 344 566 574 929
12 237 346 377 449 538 640 747 799 875 912 930 952
12 7 53 94 135 145 156 216 453 563 616 626 732
12 54 237 368 432 433 551 641 643 649 703 730 1001
12 28 93 265 284 316 388 477 563 565 732 773 806
12 74 97 155 355 485 558 673 693 703 781 932 951
12 161 202 230 415 474 540 633 660 690 703 714 977
12 212 240 266 327 355 385 407 411 597 634 679 684
12 33 133 193 256 307 371 599 704 713 880 909 922
11 2 9 69 196 253 271 395 464 597 712 717
12 13 24 78 174 226 414 472 531 609 717 844 936
12 135 265 287 290 464 503 634 740 804 883 929 1002
12 94 157 210 215 410 548 598 609 810 876 991 1008
11 7 30 88 118 141 251 385 461 798 815 1006
12 104 189 319 329 445 447 478 663 702 816 820 940
12 18 181 184 219 241 260 360 629 647 712 918 983
12 339 351 356 405 470 553 778 783 823 882 890 946
12 79 96 245 247 286 294 314 463 498 505 800 922
12 96 361 430 472 484 489 548 578 774 976 977 984
12 59 154 173 508 555 584 589 713 724 745 781 797
12 84 97 105 204 255 267 310 366 490 492 741 853
12 139 142 155 186 201 246 300 507 661 795 859 871
12 68 103 147 205 266 317 363 464 602 632 694 949
12 31 48 143 173 428 506 572 584 595 723 775 971
12 25 197 244 261 338 387 411 475 511 554 959 971
12 33 188 225 296 328 543 568 599 658 805 870 1006
12 43 87 148 348 533 645 716 720 812 822 897 905
12 136 161 340 379 422 438 515 604 619 680 742 896
12 12 52 102 183 304 348 550 615 684 843 888 945
12 100 114 137 158 400 579 585 630 715 731 750 809
12 189 235 237 240 313 352 535 696 728 849 857 968
12 14 32 61 95 97 465 584 734 792 908 939 971
12 46 117 298 331 493 522 544 553 678 718 814 990
12 9 163 176 193 202 298 358 572 782 786 843 859
11 22 78 83 200 500 635 653 673 712 828 867
12 58 67 111 214 220 347 483 516 542 650 711 790
12 145 163 195 300 328 389 409 410 557 642 859 929
12 329 361 397 481 622 676 713 798 838 907 922 985
12 41 140 253 388 391 550 564 617 711 767 824 965
12 140 250 291 324 466 549 588 617 921 938 997 998
12 1 106 364 413 534 636 681 767 782 790 871 890
12 62 172 254 307 415 583 655 763 764 848 870 943
12 25 62 115 142 309 323 415 486 519 576 618 724
11 46 56 77 97 153 176 334 398 465 726 753
12 4 28 67 160 284 315 323 588 589 649 750 992
12 75 78 245 454 460 469 480 535 576 649 890 992
12 4 507 565 584 630 702 712 783 843 863 924 942
11 23 47 67 370 465 615 637 663 800 832 949
12 64 154 172 320 434 475 583 721 730 857 899 956
12 43 54 401 403 561 611 695 696 750 900 949 964
12 71 142 146 164 349 459 577 607 636 885 932 941
11 222 226 315 320 343 351 579 618 760 830 899
12 10 12 109 271 512 557 580 674 754 759 781 796
12 137 175 221 247 256 277 455 688 730 891 966 978
12 47 99 116 171 195 207 268 308 414 796 812 870
12 16 243 361 450 593 638 650 665 818 895 946 965
12 61 249 263 304 307 357 652 702 705 746 760 948
