1050
3 0 99 989
3 383 611 1048
3 719 917 1047
3 548 713 1046
3 474 673 1045
3 556 852 1044
3 333 439 1043
3 35 617 1042
3 597 1016 1041
3 625 645 1040
3 206 245 1039
3 173 1013 1038
3 153 891 1037
3 426 922 1036
3 550 855 1035
3 613 788 1034
3 93 282 1033
3 875 899 1032
3 97 620 1031
3 714 918 1030
3 208 752 1029
3 141 858 1028
3 570 938 1027
3 843 930 1026
3 860 1025 1032
3 477 751 1024
3 351 728 1023
3 401 1022 1029
3 86 379 1021
3 663 803 1020
3 440 622 1019
3 522 575 1018
3 448 951 1017
3 79 521 1016
3 478 613 1015
3 7 317 1014
3 232 950 1013
3 671 676 1012
3 669 872 1011
3 603 879 1010
3 468 932 1009
3 177 337 1008
3 72 447 1007
3 449 924 1006
3 55 435 1005
3 567 972 1004
3 532 675 1003
3 525 669 1002
3 629 835 1001
3 60 808 1000
3 176 395 999
3 668 998 1040
3 339 553 997
3 581 744 996
3 116 162 995
3 44 129 994
3 565 847 993
3 370 878 992
3 341 506 991
3 569 601 990
3 49 570 989
3 234 831 988
3 576 599 987
3 194 874 986
3 708 985 1044
3 236 814 984
3 279 894 983
3 624 886 982
3 816 981 995
3 433 820 980
3 684 953 979
3 158 357 978
3 42 98 977
3 482 759 976
3 373 578 975
3 385 531 974
3 407 907 973
3 477 910 972
3 434 781 971
3 33 273 970
3 220 906 969
3 627 828 968
3 625 632 967
3 430 559 966
3 424 450 965
3 293 305 964
3 28 419 963
3 880 962 970
3 391 838 961
3 928 960 1008
3 488 959 1004
3 268 481 958
3 319 791 957
3 16 751 956
3 132 240 955
3 195 624 954
3 295 322 953
3 18 700 952
3 72 216 951
3 0 904 950
3 521 557 949
3 326 742 948
3 297 947 1018
3 504 557 946
3 526 653 945
3 190 357 944
3 555 873 943
3 150 568 942
3 638 941 1000
3 192 676 940
3 235 939 1017
3 346 580 938
3 177 937 951
3 612 776 936
3 115 909 935
3 114 826 934
3 54 933 997
3 438 932 1045
3 329 931 1027
3 341 674 930
3 363 691 929
3 786 866 928
3 737 927 1021
3 474 926 1038
3 176 925 1046
3 648 784 924
3 588 778 923
3 199 386 922
3 406 870 921
3 55 261 920
3 375 919 963
3 604 918 926
3 94 794 917
3 156 916 964
3 495 915 960
3 203 224 914
3 275 913 941
3 390 707 912
3 196 646 911
3 151 807 910
3 278 629 909
3 21 908 1023
3 172 270 907
3 219 860 906
3 513 790 905
3 235 698 904
3 553 903 974
3 299 460 902
3 609 619 901
3 313 900 1028
3 107 829 899
3 139 524 898
3 535 594 897
3 12 632 896
3 846 895 973
3 171 302 894
3 133 265 893
3 418 568 892
3 71 467 891
3 179 782 890
3 330 889 953
3 678 888 1001
3 54 887 983
3 278 630 886
3 585 647 885
3 742 884 1023
3 402 883 977
3 430 882 934
3 274 881 1002
3 490 604 880
3 734 879 912
3 155 618 878
3 142 826 877
3 11 867 876
3 541 875 919
3 187 560 874
3 50 124 873
3 41 112 872
3 451 659 871
3 159 735 870
3 869 897 1016
3 346 766 868
3 602 867 1019
3 511 763 866
3 585 855 865
3 856 864 1026
3 226 662 863
3 175 261 862
3 746 861 1035
3 191 378 860
3 105 509 859
3 189 255 858
3 109 575 857
3 424 856 984
3 63 855 886
3 95 489 854
3 138 491 853
3 290 852 1017
3 457 802 851
3 127 576 850
3 221 731 849
3 374 827 848
3 423 847 952
3 135 420 846
3 284 286 845
3 634 844 992
3 10 584 843
3 234 476 842
3 20 541 841
3 824 840 979
3 358 672 839
3 815 838 890
3 230 837 959
3 446 836 839
3 835 868 925
3 400 574 834
3 98 831 833
3 231 823 832
3 376 497 831
3 143 507 830
3 80 829 971
3 200 828 1046
3 404 615 827
3 640 691 826
3 135 825 972
3 722 824 829
3 186 823 975
3 467 475 822
3 331 811 821
3 494 812 820
3 212 618 819
3 217 529 818
3 36 817 991
3 334 816 901
3 61 207 815
3 110 145 814
3 65 789 813
3 380 812 1011
3 686 811 842
3 445 561 810
3 94 248 809
3 246 304 808
3 413 426 807
3 442 532 806
3 687 772 805
3 10 783 804
3 241 803 908
3 361 376 802
3 240 440 801
3 705 800 948
3 540 799 896
3 432 798 804
3 336 797 1025
3 652 780 796
3 628 795 919
3 191 771 794
3 558 793 915
3 693 792 795
3 698 791 881
3 356 790 962
3 285 787 789
3 129 187 788
3 332 787 914
3 463 679 786
3 702 785 927
3 156 311 784
3 360 414 783
3 309 596 782
3 91 781 796
3 394 780 785
3 142 651 779
3 328 431 778
3 287 522 777
3 79 450 776
3 168 775 859
3 136 485 774
3 739 773 1041
3 588 772 857
3 140 163 771
3 66 598 770
3 656 745 769
3 497 768 967
3 16 642 767
3 399 517 766
3 204 315 765
3 260 703 764
3 204 382 763
3 272 398 762
3 728 761 1020
3 760 947 1015
3 197 722 759
3 317 358 758
3 296 396 757
3 85 661 756
3 417 755 852
3 96 754 760
3 292 753 987
3 102 608 752
3 751 875 939
3 147 572 750
3 445 514 749
3 649 748 764
3 155 654 747
3 734 746 918
3 241 443 745
3 85 744 861
3 737 743 870
3 403 635 742
3 463 658 741
3 267 740 840
3 370 451 739
3 265 501 738
3 737 752 1014
3 149 350 736
3 335 607 735
3 284 695 734
3 448 478 733
3 35 291 732
3 731 750 815
3 92 716 730
3 695 729 1047
3 544 728 1038
3 96 564 727
3 554 696 726
3 612 721 725
3 453 528 724
3 101 723 1021
3 355 722 1037
3 271 392 721
3 118 659 720
3 160 615 719
3 228 628 718
3 262 717 976
3 6 716 903
3 233 678 715
3 314 714 791
3 252 540 713
3 41 712 755
3 373 711 776
3 52 441 710
3 447 709 943
3 58 119 708
3 707 782 895
3 479 528 706
3 401 705 717
3 704 720 725
3 111 181 703
3 690 702 783
3 372 399 701
3 700 817 920
3 313 693 699
3 26 359 698
3 419 626 697
3 547 696 796
3 407 695 802
3 327 457 694
3 259 693 970
3 71 105 692
3 210 291 691
3 351 651 690
3 266 404 689
3 247 688 777
3 687 706 879
3 120 672 686
3 685 931 1003
3 579 684 994
3 520 683 921
3 652 682 1036
3 677 681 830
3 484 680 1003
3 57 310 679
3 678 993 1002
3 348 677 989
3 74 338 676
3 201 571 675
3 130 584 674
3 218 247 673
3 574 672 1011
3 189 671 854
3 28 670 747
3 237 496 669
3 668 711 862
3 286 667 732
3 1 397 666
3 403 665 760
3 75 502 664
3 127 663 738
3 435 662 936
3 661 673 787
3 660 681 770
3 137 539 659
3 88 658 739
3 328 657 915
3 449 656 876
3 269 655 902
3 50 654 1031
3 292 582 653
3 383 503 652
3 287 651 758
3 283 348 650
3 215 649 817
3 27 344 648
3 166 647 932
3 307 384 646
3 222 360 645
3 437 644 733
3 128 643 835
3 76 354 642
3 641 887 958
3 503 535 640
3 586 639 877
3 638 900 992
3 637 709 786
3 242 636 959
3 266 635 688
3 634 958 1031
3 633 945 973
3 294 538 632
3 157 631 1010
3 86 352 630
3 203 629 1022
3 530 628 892
3 627 810 869
3 202 626 1033
3 84 193 625
3 624 710 818
3 13 242 623
3 622 1006 1025
3 621 716 927
3 458 620 1039
3 83 167 619
3 271 618 892
3 251 617 743
3 69 616 726
3 78 495 615
3 44 387 614
3 613 871 909
3 405 612 1001
3 117 611 858
3 6 610 981
3 30 248 609
3 339 608 978
3 243 607 761
3 304 606 1032
3 536 605 773
3 239 300 604
3 213 603 888
3 42 340 602
3 32 316 601
3 43 393 600
3 84 273 599
3 178 310 598
3 597 763 914
3 325 459 596
3 542 595 630
3 594 856 876
3 593 665 834
3 198 355 592
3 429 591 644
3 453 590 987
3 147 589 929
3 494 588 675
3 533 587 966
3 263 308 586
3 585 841 978
3 584 848 1009
3 583 663 825
3 158 227 582
3 40 581 741
3 567 580 666
3 579 980 1018
3 530 578 981
3 577 883 933
3 571 576 995
3 4 123 575
3 227 574 984
3 207 573 718
3 25 77 572
3 34 316 571
3 343 570 801
3 524 569 865
3 91 568 957
3 73 567 784
3 566 937 940
3 369 565 1035
3 275 564 934
3 515 563 717
3 562 894 988
3 90 492 561
3 195 506 560
3 169 559 1026
3 196 558 1047
3 488 557 1037
3 556 687 1048
3 229 461 555
3 134 434 554
3 380 553 719
3 218 281 552
3 551 586 1049
3 550 832 866
3 549 704 790
3 311 548 650
3 385 547 623
3 397 409 546
3 103 545 596
3 544 631 888
3 58 489 543
3 219 542 578
3 541 797 994
3 190 540 965
3 539 569 619
3 183 538 809
3 537 697 715
3 144 523 536
3 300 535 936
3 486 534 993
3 533 560 889
3 283 527 532
3 531 768 1009
3 530 940 1007
3 366 529 674
3 33 100 528
3 31 272 527
3 513 526 757
3 151 480 525
3 47 524 554
3 104 523 740
3 517 522 896
3 325 343 521
3 231 520 857
3 421 471 519
3 75 518 850
3 46 243 517
3 462 516 821
3 515 551 982
3 152 409 514
3 444 513 937
3 512 631 643
3 417 511 655
3 390 510 729
3 250 336 509
3 174 208 508
3 454 507 1049
3 506 759 822
3 321 505 660
3 504 606 906
3 503 579 811
3 353 502 1041
3 3 501 552
3 500 844 1042
3 14 499 871
3 498 534 845
3 497 548 950
3 52 146 496
3 323 495 525
3 106 494 765
3 5 493 671
3 100 103 492
3 256 491 967
3 83 490 949
3 175 489 516
3 239 488 697
3 487 724 1006
3 486 963 1015
3 322 485 833
3 56 484 813
3 483 917 1036
3 45 469 482
3 107 157 481
3 59 480 510
3 22 60 479
3 374 473 478
3 299 477 1000
3 476 813 882
3 215 377 475
3 31 192 474
3 62 199 473
3 472 732 777
3 74 471 507
3 365 470 546
3 111 469 893
3 53 468 587
3 396 467 611
3 466 685 842
3 206 375 465
3 164 184 464
3 410 463 498
3 462 581 715
3 126 277 461
3 460 730 862
3 459 767 956
3 458 647 997
3 457 724 1008
3 456 700 998
3 152 455 827
3 454 740 801
3 267 453 504
3 8 452 736
3 279 451 797
3 62 450 701
3 449 792 1010
3 59 448 1034
3 182 447 923
3 39 446 635
3 131 169 445
3 444 653 996
3 443 545 962
3 314 442 971
3 297 441 789
3 148 440 769
3 439 873 957
3 1 438 582
3 113 324 437
3 15 34 436
3 435 798 1027
3 222 330 434
3 433 847 956
3 7 432 838
3 171 230 431
3 148 430 510
3 18 429 837
3 428 688 954
3 30 427 883
3 426 502 746
3 67 95 425
3 9 82 424
3 352 423 774
3 81 422 798
3 254 331 421
3 48 140 420
3 163 419 454
3 418 505 537
3 82 153 417
3 416 686 964
3 205 415 912
3 307 414 603
3 413 680 818
3 412 656 733
3 108 411 874
3 410 696 1013
3 223 409 825
3 408 692 757
3 282 407 753
3 406 537 657
3 405 458 748
3 9 404 990
3 138 403 771
3 164 402 591
3 125 401 712
3 301 400 952
3 399 501 903
3 270 359 398
3 253 367 397
3 104 396 605
3 302 395 913
3 394 538 965
3 280 393 637
3 392 643 1039
3 308 391 754
3 178 329 390
3 389 544 803
3 293 388 1012
3 186 387 851
3 29 386 466
3 385 793 822
3 384 456 910
3 383 469 839
3 382 702 966
3 51 381 692
3 38 47 380
3 379 730 983
3 37 378 556
3 210 363 377
3 4 376 388
3 119 375 520
3 46 374 461
3 37 109 373
3 368 372 920
3 161 334 371
3 263 370 793
3 369 636 774
3 368 389 689
3 367 749 830
3 366 935 969
3 70 365 781
3 364 583 713
3 238 363 633
3 244 362 493
3 361 414 621
3 360 681 1014
3 347 359 727
3 120 223 358
3 357 641 668
3 257 350 356
3 355 859 929
3 315 320 354
3 323 353 639
3 352 512 561
3 145 258 351
3 350 921 982
3 97 349 593
3 348 599 988
3 264 347 667
3 285 346 999
3 345 500 788
3 249 344 726
3 343 362 807
3 137 342 1034
3 64 341 778
3 340 412 812
3 339 425 880
3 338 381 922
3 337 648 769
3 3 336 685
3 19 335 939
3 334 512 587
3 319 333 428
3 332 344 486
3 331 476 944
3 2 330 496
3 329 345 1042
3 324 328 948
3 225 290 327
3 326 749 1005
3 325 562 592
3 324 345 756
3 323 433 705
3 322 690 891
3 26 288 321
3 320 539 775
3 319 589 670
3 200 318 773
3 317 382 577
3 316 405 637
3 170 303 315
3 179 314 955
3 313 597 799
3 122 306 312
3 311 386 885
3 276 310 391
3 309 526 595
3 308 468 893
3 101 165 307
3 306 432 938
3 53 305 748
3 280 304 944
3 188 303 623
3 302 379 955
3 301 644 744
3 300 682 723
3 299 318 843
3 25 93 298
3 20 297 312
3 296 642 768
3 295 658 836
3 294 337 780
3 293 725 836
3 292 523 641
3 291 398 1024
3 73 290 543
3 289 295 384
3 288 442 974
3 287 877 900
3 183 286 452
3 285 301 1048
3 284 555 904
3 181 283 872
3 282 590 961
3 281 518 753
3 280 609 712
3 279 389 898
3 255 278 646
3 244 277 949
3 276 444 731
3 275 626 680
3 274 729 884
3 113 273 338
3 272 361 577
3 126 271 708
3 270 853 911
3 253 269 755
3 78 268 684
3 159 267 342
3 245 266 347
3 125 265 482
3 264 269 849
3 121 263 412
3 260 262 388
3 15 261 704
3 236 260 608
3 144 259 500
3 92 258 335
3 257 600 800
3 256 664 679
3 132 255 799
3 254 257 1030
3 253 268 353
3 252 508 598
3 251 614 627
3 250 736 794
3 249 792 946
3 248 479 595
3 198 247 354
3 29 246 660
3 245 251 975
3 244 895 930
3 243 833 979
3 139 242 706
3 49 241 1004
3 240 511 823
3 239 422 828
3 228 238 546
3 229 237 709
3 236 565 573
3 65 235 854
3 211 234 318
3 68 233 905
3 232 349 400
3 231 425 636
3 230 840 1043
3 69 229 960
3 228 533 897
3 227 543 664
3 217 226 809
3 209 225 942
3 224 466 640
3 115 172 223
3 201 222 594
3 81 221 810
3 150 220 225
3 219 368 682
3 61 216 218
3 217 499 1020
3 216 564 806
3 215 456 1030
3 48 214 406
3 213 754 756
3 212 620 905
3 88 211 617
3 210 213 666
3 209 309 819
3 208 464 913
3 207 238 583
3 23 206 750
3 205 549 902
3 204 551 945
3 154 203 977
3 56 202 616
3 201 465 931
3 200 785 851
3 199 531 935
3 198 662 849
3 5 197 294
3 196 779 865
3 195 378 814
3 14 184 194
3 185 193 455
3 192 277 529
3 21 191 438
3 190 274 694
3 24 143 189
3 188 305 881
3 187 381 589
3 186 928 999
3 185 916 990
3 184 480 853
3 121 183 499
3 173 182 1029
3 181 214 898
3 180 422 885
3 128 179 306
3 178 436 550
3 38 177 766
3 106 176 610
3 63 175 638
3 17 174 298
3 173 393 455
3 172 410 762
3 57 171 986
3 39 170 362
3 87 169 710
3 168 258 861
3 167 573 969
3 166 472 622
3 165 775 907
3 164 738 869
3 67 163 194
3 162 408 1028
3 161 446 505
3 160 516 901
3 159 211 933
3 12 158 727
3 157 421 431
3 156 580 741
3 66 155 487
3 154 342 805
3 153 250 527
3 152 180 821
3 151 770 868
3 17 150 1019
3 149 411 762
3 148 233 889
3 147 394 844
3 146 333 650
3 99 145 765
3 144 816 837
3 80 143 545
3 76 142 884
3 141 246 946
3 114 140 436
3 77 139 665
3 138 779 985
3 137 170 634
3 136 654 841
3 135 262 452
3 134 256 392
3 133 864 1043
3 2 132 566
3 19 131 303
3 130 174 254
3 129 349 677
3 128 366 699
3 13 127 711
3 126 602 1044
3 43 125 986
3 124 214 926
3 123 131 925
3 122 264 428
3 89 121 863
3 120 460 694
3 23 119 805
3 118 364 848
3 40 117 402
3 116 472 890
3 115 167 485
3 114 683 850
3 113 387 514
3 112 483 536
3 22 111 743
3 110 298 714
3 109 483 519
3 108 136 1040
3 107 824 968
3 106 340 1022
3 105 718 745
3 104 416 845
3 103 800 908
3 102 289 1024
3 101 249 721
3 100 559 772
3 36 99 552
3 32 98 112
3 97 202 649
3 70 96 160
3 95 621 1012
3 94 735 747
3 93 590 616
3 92 481 610
3 91 408 415
3 90 212 413
3 89 134 820
3 88 767 1007
3 87 259 606
3 86 130 563
3 85 133 633
3 84 509 655
3 83 462 667
3 82 281 558
3 81 942 998
3 80 683 882
3 79 87 356
3 78 220 607
3 45 77 224
3 76 154 416
3 75 146 761
3 74 226 804
3 73 332 1045
3 72 166 846
3 71 441 464
3 70 209 806
3 69 470 991
3 68 439 471
3 67 534 699
3 66 162 670
3 65 193 475
3 64 911 996
3 63 878 924
3 62 296 459
3 61 487 701
3 0 60 372
3 59 645 864
3 58 232 980
3 57 205 411
3 56 371 515
3 55 365 508
3 54 68 473
3 53 605 985
3 52 116 591
3 51 593 968
3 50 703 863
3 49 108 572
3 48 161 437
3 47 168 371
3 46 364 369
3 45 90 808
3 44 723 1033
3 43 427 562
3 42 519 961
3 41 89 592
3 40 465 518
3 39 418 600
3 38 237 377
3 37 661 954
3 11 36 639
3 35 312 689
3 34 289 563
3 8 33 180
3 32 110 197
3 31 102 470
3 30 182 899
3 29 288 832
3 28 122 326
3 27 420 943
3 26 141 165
3 25 758 947
3 24 252 427
3 23 185 490
3 22 118 614
3 21 149 887
3 20 27 867
3 19 795 834
3 18 395 415
3 17 24 443
3 16 423 1005
3 15 601 707
3 14 188 484
3 13 367 566
3 12 327 492
3 11 123 321
3 10 429 657
3 9 51 941
3 8 276 547
3 7 549 720
3 6 819 916
3 5 64 923
3 4 117 976
3 3 124 221
3 2 320 491
3 1 493 764
3 498 542 1049
